GendreauDumasExtended/n20w120.001.txt |   sequence |       open |     359.00 |       0.00 | 5 12 9 19 16 17 18 10 11 15 1 6 13 4 7 2 8 3 20 14 | seed: 4014221915825911765 | 50
GendreauDumasExtended/n20w120.002.txt |   sequence |       open |     286.00 |       0.00 | 1 14 18 4 8 7 5 10 11 16 19 15 17 6 12 9 3 2 20 13 | seed: -3413819068146961312 | 47
GendreauDumasExtended/n20w120.003.txt |   sequence |       open |     354.00 |       0.00 | 5 19 13 1 3 4 16 8 9 11 17 7 2 15 14 18 10 20 12 6 | seed: -3604825822513545312 | 26
GendreauDumasExtended/n20w120.004.txt |   sequence |       open |     392.00 |       0.00 | 11 3 2 7 15 9 8 19 5 6 10 14 4 12 18 16 20 13 17 1 | seed: 7918105216245507234 | 0
GendreauDumasExtended/n20w120.005.txt |   sequence |       open |     336.00 |       0.00 | 11 7 13 19 16 18 3 8 17 5 9 15 6 10 2 4 14 20 1 12 | seed: 4271582299457302332 | 60
GendreauDumasExtended/n20w140.001.txt |   sequence |       open |     269.00 |       0.00 | 5 6 11 8 4 7 19 17 13 15 12 1 14 2 9 18 16 3 10 20 | seed: 3352262613165591108 | 18
GendreauDumasExtended/n20w140.002.txt |   sequence |       open |     356.00 |       0.00 | 10 6 18 14 16 4 15 17 19 8 5 1 7 13 11 2 9 3 12 20 | seed: 3422819847289289344 | 0
GendreauDumasExtended/n20w140.003.txt |   sequence |       open |     300.00 |       0.00 | 17 11 3 10 13 9 14 7 8 15 6 20 4 12 16 1 2 19 5 18 | seed: 3906016702813742030 | 44
GendreauDumasExtended/n20w140.004.txt |   sequence |       open |     295.00 |       0.00 | 13 5 1 18 10 17 11 15 19 7 4 16 6 3 12 14 8 2 9 20 | seed: 3655520721943247901 | 95
GendreauDumasExtended/n20w140.005.txt |   sequence |       open |     276.00 |       0.00 | 15 19 6 8 7 16 2 17 9 13 18 5 12 14 20 1 3 11 10 4 | seed: 1157034931189770910 | 8
GendreauDumasExtended/n20w160.001.txt |   sequence |       open |     284.00 |       0.00 | 10 19 13 1 11 3 6 7 5 4 14 16 2 9 15 12 20 8 18 17 | seed: 3504440371925756430 | 76
GendreauDumasExtended/n20w160.002.txt |   sequence |       open |     240.00 |       0.00 | 19 4 18 8 1 12 15 7 10 17 3 5 11 9 20 16 13 2 6 14 | seed: -7873595907240621281 | 84
GendreauDumasExtended/n20w160.003.txt |   sequence |       open |     305.00 |       0.00 | 10 11 7 5 15 13 17 8 9 12 3 2 1 4 19 18 20 16 6 14 | seed: 463432588881478950 | 20
GendreauDumasExtended/n20w160.004.txt |   sequence |       open |     326.00 |       0.00 | 3 5 11 7 19 12 17 9 8 16 2 14 1 15 10 6 18 13 20 4 | seed: -506547375139676088 | 18
GendreauDumasExtended/n20w160.005.txt |   sequence |       open |     314.00 |       0.00 | 13 4 1 16 3 8 5 14 15 18 10 12 7 17 20 9 2 19 11 6 | seed: -3125310624067155120 | 2
GendreauDumasExtended/n20w180.001.txt |   sequence |       open |     366.00 |       0.00 | 3 5 19 13 1 11 18 12 15 17 14 10 7 16 8 6 4 9 20 2 | seed: 1476752453098458471 | 17
GendreauDumasExtended/n20w180.002.txt |   sequence |       open |     342.00 |       0.00 | 16 1 12 15 5 17 6 9 13 18 4 10 3 14 19 11 7 20 2 8 | seed: -3650115338120349981 | 20
GendreauDumasExtended/n20w180.003.txt |   sequence |       open |     298.00 |       0.00 | 3 15 9 16 19 13 10 14 11 4 18 2 7 12 5 6 1 8 20 17 | seed: -6823524882133896011 | 77
GendreauDumasExtended/n20w180.004.txt |   sequence |       open |     322.00 |       0.00 | 18 10 17 3 7 11 2 19 8 6 5 4 13 1 14 9 16 12 20 15 | seed: -3293997013400787014 | 44
GendreauDumasExtended/n20w180.005.txt |   sequence |       open |     255.00 |       0.00 | 3 4 6 9 10 19 1 8 16 13 12 18 5 14 7 15 2 17 11 20 | seed: 1186999934065962532 | 0
GendreauDumasExtended/n20w200.001.txt |   sequence |       open |     310.00 |       0.00 | 9 11 8 4 15 14 10 3 5 16 2 1 6 18 13 7 17 12 20 19 | seed: 4687807124884961659 | 20
GendreauDumasExtended/n20w200.002.txt |   sequence |       open |     291.00 |       0.00 | 17 10 8 16 5 1 15 4 19 11 2 12 9 14 7 13 3 6 18 20 | seed: 3266824064520867347 | 3
GendreauDumasExtended/n20w200.003.txt |   sequence |       open |     362.00 |       0.00 | 11 14 5 10 2 19 16 18 4 17 15 8 3 12 7 6 13 9 1 20 | seed: -166580868705258452 | 34
GendreauDumasExtended/n20w200.004.txt |   sequence |       open |     349.00 |       0.00 | 13 6 17 18 14 10 3 4 12 19 11 2 16 1 7 15 9 8 5 20 | seed: -5539122047775255809 | 56
GendreauDumasExtended/n20w200.005.txt |   sequence |       open |     303.00 |       0.00 | 11 13 1 10 2 8 19 18 9 12 5 20 15 6 17 14 7 4 16 3 | seed: 3574168285026503869 | 35
GendreauDumasExtended/n40w120.001.txt |   sequence |       open |     467.00 |       0.00 | 6 13 15 7 16 37 12 39 2 35 25 4 32 3 38 8 1 33 18 23 14 5 36 10 31 22 21 9 19 26 34 29 11 27 28 24 40 20 17 30 | seed: 6876692635126012045 | 94
GendreauDumasExtended/n40w120.002.txt |   sequence |       open |     554.00 |       0.00 | 10 16 9 18 27 32 8 37 12 34 28 24 25 23 26 7 6 38 29 39 20 30 5 22 33 11 17 3 2 31 14 19 15 36 1 4 13 40 35 21 | seed: 8830248801440445912 | 34
GendreauDumasExtended/n40w120.003.txt |   sequence |       open |     445.00 |       0.00 | 12 1 33 6 2 38 35 24 13 21 17 23 3 26 16 37 10 5 14 27 11 8 31 25 22 29 19 9 32 15 20 34 7 36 28 39 40 30 18 4 | seed: -566944866264954584 | 45
GendreauDumasExtended/n40w120.004.txt |   sequence |       open |     369.00 |       0.00 | 5 7 37 32 11 24 28 19 17 36 20 35 39 22 2 1 38 16 12 33 25 21 29 27 30 14 31 15 3 9 13 40 10 34 26 6 4 18 8 23 | seed: -5077662899678610674 | 29
GendreauDumasExtended/n40w120.005.txt |   sequence |       open |     460.00 |       0.00 | 5 38 28 21 24 12 26 34 32 2 27 13 3 11 14 29 18 19 16 33 37 8 6 4 36 17 20 25 22 9 23 1 7 31 40 39 30 15 10 35 | seed: 1849435324277100119 | 49
GendreauDumasExtended/n40w140.001.txt |   sequence |       open |     429.00 |       0.00 | 32 10 2 20 19 33 23 34 27 31 29 9 21 13 14 28 1 6 30 16 17 15 26 35 36 8 24 4 11 5 22 38 3 18 37 40 39 7 25 12 | seed: 582111034285180098 | 41
GendreauDumasExtended/n40w140.002.txt |   sequence |       open |     431.00 |       0.00 | 5 35 15 7 22 36 11 34 3 19 32 12 26 25 39 1 18 14 27 13 17 29 30 16 2 24 23 31 8 10 33 28 21 4 6 9 38 40 37 20 | seed: 5968220823423291400 | 16
GendreauDumasExtended/n40w140.003.txt |   sequence |       open |     481.00 |       0.00 | 17 11 35 30 31 1 16 10 9 7 34 38 23 27 4 32 24 2 6 29 5 14 22 25 12 36 26 3 20 8 19 37 21 28 13 39 40 18 33 15 | seed: 4884087882962422615 | 17
GendreauDumasExtended/n40w140.004.txt |   sequence |       open |     435.00 |       0.00 | 12 14 3 23 26 28 1 24 33 17 32 9 38 8 25 19 11 39 13 15 21 7 36 6 34 29 22 35 20 10 16 5 37 27 30 18 2 31 4 40 | seed: -7531780043950325963 | 21
GendreauDumasExtended/n40w140.005.txt |   sequence |       open |     455.00 |       0.00 | 24 11 29 15 2 23 13 33 4 26 21 6 7 36 32 37 20 35 5 18 34 10 17 38 28 16 27 25 39 31 8 14 3 19 1 40 22 9 30 12 | seed: -7975238233864715048 | 69
GendreauDumasExtended/n40w160.001.txt |   sequence |       open |     437.00 |       0.00 | 15 10 36 6 16 17 4 8 7 33 19 32 31 1 27 9 25 22 18 12 21 13 3 23 26 5 35 30 34 28 29 38 2 20 14 39 11 40 37 24 | seed: 3032223225801138319 | 2
GendreauDumasExtended/n40w160.002.txt |   sequence |       open |     493.00 |       0.00 | 30 3 18 34 38 28 8 6 14 20 24 26 15 27 1 10 35 13 12 2 23 17 5 9 33 37 19 21 29 25 11 16 4 40 31 32 22 7 36 39 | seed: 6614890349497549870 | 19
GendreauDumasExtended/n40w160.003.txt |   sequence |       open |     413.00 |       0.00 | 6 18 12 36 10 35 8 27 34 16 4 22 19 17 28 39 26 23 25 33 1 24 38 14 30 37 9 32 31 20 7 15 2 29 3 5 13 21 11 40 | seed: -7223026399460897327 | 29
GendreauDumasExtended/n40w160.004.txt |   sequence |       open |     507.00 |       0.00 | 13 7 28 15 3 4 14 26 19 33 36 38 9 30 29 37 18 8 31 32 24 6 23 10 16 2 39 5 11 21 34 35 20 27 25 1 12 22 17 40 | seed: 502415389100012284 | 8
GendreauDumasExtended/n40w160.005.txt |   sequence |       open |     407.00 |       0.00 | 4 20 2 18 25 37 17 36 28 27 3 6 9 5 23 11 15 24 1 26 13 29 14 39 7 30 31 33 22 21 8 16 35 38 10 19 32 12 34 40 | seed: 8047864308703703566 | 45
GendreauDumasExtended/n40w180.001.txt |   sequence |       open |     459.00 |       0.00 | 17 33 8 39 11 31 9 38 21 28 18 36 37 14 2 13 35 24 34 16 23 20 32 4 26 1 25 5 12 7 30 6 10 29 15 3 22 27 40 19 | seed: -8104205324742605912 | 92
GendreauDumasExtended/n40w180.002.txt |   sequence |       open |     460.00 |       0.00 | 30 10 15 11 14 13 18 26 8 35 17 23 19 4 27 21 37 6 24 7 1 3 2 25 39 16 36 12 33 38 32 28 20 29 34 5 22 40 9 31 | seed: 5200072997443363813 | 11
GendreauDumasExtended/n40w180.003.txt |   sequence |       open |     390.00 |       0.00 | 31 34 18 15 38 10 22 8 27 6 35 5 25 16 24 14 32 21 37 7 12 4 13 20 26 29 33 1 2 28 23 17 30 9 36 40 3 11 19 39 | seed: 5822589383200471054 | 4
GendreauDumasExtended/n40w180.004.txt |   sequence |       open |     500.00 |       0.00 | 36 15 25 20 2 10 26 19 38 3 24 4 39 30 27 8 33 1 34 14 28 31 37 9 11 29 12 22 7 13 21 23 16 5 6 18 17 35 32 40 | seed: 8015840245352165835 | 40
GendreauDumasExtended/n40w180.005.txt |   sequence |       open |     459.00 |       0.00 | 29 30 16 34 8 14 6 32 22 25 7 2 18 23 37 9 17 15 38 20 1 3 21 4 27 28 12 11 5 13 26 19 33 10 39 35 24 31 40 36 | seed: -8621578443796579073 | 24
GendreauDumasExtended/n40w200.001.txt |   sequence |       open |     449.00 |       0.00 | 1 26 16 5 34 27 18 32 20 21 9 24 3 31 8 14 13 2 33 19 22 11 37 36 39 10 35 12 30 4 15 25 7 29 17 23 28 6 38 40 | seed: -2113035601833931254 | 32
GendreauDumasExtended/n40w200.002.txt |   sequence |       open |     442.00 |       0.00 | 4 36 8 26 22 24 11 15 34 33 12 9 10 7 28 21 25 39 3 23 37 30 32 1 2 29 16 19 14 18 6 27 20 5 38 35 13 17 31 40 | seed: 3591194997979309596 | 1
GendreauDumasExtended/n40w200.003.txt |   sequence |       open |     429.00 |       0.00 | 22 26 16 13 8 39 17 34 23 2 25 30 18 14 12 15 3 21 24 35 31 29 4 7 1 28 37 27 6 9 11 33 38 10 20 32 36 40 5 19 | seed: -4441557052935029654 | 23
GendreauDumasExtended/n40w200.004.txt |   sequence |       open |     441.00 |       0.00 | 18 16 28 19 26 6 10 20 27 39 17 15 24 2 3 11 29 1 37 22 5 21 7 23 38 34 13 32 14 33 40 8 25 12 35 31 4 9 36 30 | seed: -981154986310378445 | 43
GendreauDumasExtended/n40w200.005.txt |   sequence |       open |     425.00 |       0.00 | 28 14 33 27 13 15 34 1 26 29 25 37 4 24 6 20 12 3 5 23 39 7 16 2 21 31 32 18 30 10 36 35 17 8 19 11 38 40 9 22 | seed: 6028058409586386109 | 45
GendreauDumasExtended/n60w120.001.txt |   sequence |       open |     502.00 |       0.00 | 38 6 48 12 56 34 17 19 51 9 15 25 7 32 22 59 58 42 13 4 5 52 30 44 50 18 47 31 46 16 23 21 28 39 29 11 2 43 41 27 10 45 57 35 8 26 1 3 33 54 36 24 20 37 49 40 55 14 53 60 | seed: -5176468710321482102 | 19
GendreauDumasExtended/n60w120.002.txt |   sequence |       open |     591.00 |       0.00 | 26 2 15 59 36 54 38 50 27 39 56 32 25 31 24 46 29 7 20 57 17 55 28 22 34 11 10 9 51 42 5 4 41 8 33 45 30 58 53 44 1 13 43 21 49 14 48 12 40 23 47 19 35 16 6 3 18 60 37 52 | seed: -6570747172788954104 | 74
GendreauDumasExtended/n60w120.003.txt |   sequence |       open |     493.00 |       0.00 | 18 56 1 14 12 34 31 19 29 33 20 49 45 40 15 48 52 38 22 37 44 13 17 25 59 7 5 46 11 26 8 41 27 24 23 43 35 16 9 3 47 51 55 6 50 42 39 21 30 54 57 32 28 60 10 36 58 53 2 4 | seed: 7786748257576589421 | 39
GendreauDumasExtended/n60w120.004.txt |   sequence |       open |     620.00 |       0.00 | 8 10 49 48 56 25 13 12 33 27 43 58 35 29 11 38 3 4 50 41 30 23 9 22 54 34 2 21 55 18 1 6 44 14 7 15 20 46 24 5 42 47 17 40 37 19 28 31 39 26 45 52 53 59 32 16 36 60 51 57 | seed: -472837120452417162 | 1
GendreauDumasExtended/n60w120.005.txt |   sequence |       open |     583.00 |       0.01 | 8 11 13 35 18 26 42 51 12 50 7 33 47 10 20 55 16 44 3 28 29 34 37 45 49 19 58 2 21 25 32 48 46 53 1 22 52 56 17 6 39 57 27 36 54 31 43 23 38 40 59 30 5 24 9 14 60 15 4 41 | seed: 588912970557617812 | 52
GendreauDumasExtended/n60w140.001.txt |   sequence |       open |     594.00 |       0.01 | 18 3 32 33 40 7 29 11 6 58 21 28 4 17 55 15 44 19 24 56 8 12 39 42 25 2 14 52 16 43 54 27 59 36 45 57 47 31 35 46 49 48 26 50 9 20 5 53 34 37 38 51 10 41 30 23 13 1 60 22 | seed: -3552754960086739032 | 90
GendreauDumasExtended/n60w140.002.txt |   sequence |       open |     620.00 |       0.01 | 30 10 31 21 19 15 41 16 47 55 18 6 35 12 42 58 36 3 2 44 17 32 9 39 37 25 29 34 46 56 51 7 4 45 13 20 8 23 28 27 38 43 50 14 53 59 57 24 49 22 40 48 1 33 54 52 11 26 60 5 | seed: 246406557828176179 | 74
GendreauDumasExtended/n60w140.003.txt |   sequence |       open |     540.00 |       0.01 | 40 49 6 43 52 33 28 45 18 15 27 32 55 1 58 7 41 2 19 26 37 42 38 54 9 29 25 36 51 34 35 30 12 8 5 44 47 56 50 17 24 14 3 13 31 4 21 59 11 53 39 57 16 10 20 22 46 60 48 23 | seed: -2095453752209881612 | 2
GendreauDumasExtended/n60w140.004.txt |   sequence |       open |     566.00 |       0.06 | 3 55 10 50 8 38 26 13 24 12 9 32 31 35 27 23 29 53 49 15 4 41 43 22 39 21 57 59 5 37 54 19 14 30 11 2 48 44 20 51 7 17 47 1 42 46 33 18 40 25 16 28 34 36 58 52 60 56 45 6 | seed: -7738582890688100393 | 33
GendreauDumasExtended/n60w140.005.txt |   sequence |       open |     608.00 |       0.01 | 17 35 11 12 49 31 55 20 33 24 46 9 4 2 51 38 59 28 45 41 1 34 7 5 16 50 39 21 13 14 3 30 29 25 48 10 19 36 6 43 58 54 40 57 37 26 53 8 23 52 44 42 47 22 18 32 15 60 27 56 | seed: -7665874332586789804 | 1
GendreauDumasExtended/n60w160.001.txt |   sequence |       open |     694.00 |       0.01 | 16 49 26 8 39 7 34 46 52 2 19 20 25 14 33 53 56 12 29 38 45 27 37 28 47 30 1 42 32 18 35 17 21 51 31 24 4 11 22 54 40 58 15 36 43 5 48 44 9 10 59 41 3 50 57 55 23 60 13 6 | seed: -3606126755107694485 | 6
GendreauDumasExtended/n60w160.002.txt |   sequence |       open |     635.00 |       0.00 | 41 5 32 19 56 9 48 13 44 36 14 8 47 55 1 52 59 20 24 40 58 23 18 3 49 45 54 51 26 34 15 25 42 12 37 16 11 22 50 7 33 30 57 10 2 53 38 4 21 31 46 17 60 39 6 43 35 28 29 27 | seed: 7099915390281907232 | 33
GendreauDumasExtended/n60w160.003.txt |   sequence |       open |     505.00 |       0.00 | 52 24 60 43 31 3 17 25 28 38 37 14 21 7 23 53 19 36 57 9 55 12 50 46 20 51 2 29 39 4 58 13 6 5 41 49 30 22 27 32 45 34 42 35 8 56 16 47 18 15 26 11 54 33 44 40 1 59 10 48 | seed: -5616765908479487503 | 73
GendreauDumasExtended/n60w160.004.txt |   sequence |       open |     563.00 |       0.00 | 49 5 6 12 31 2 23 41 27 45 34 37 11 36 54 19 14 50 1 53 33 13 26 4 56 42 18 24 58 32 8 3 22 44 47 17 21 29 20 7 46 40 43 52 57 48 51 15 55 25 39 35 10 30 38 16 60 9 59 28 | seed: -4534465464356474738 | 10
GendreauDumasExtended/n60w160.005.txt |   sequence |       open |     616.00 |       0.00 | 26 29 3 6 34 38 12 7 45 2 10 24 48 35 50 57 39 53 27 18 23 20 25 46 37 22 56 36 8 17 31 11 52 5 41 13 9 40 33 15 32 54 14 44 43 49 58 21 47 30 59 1 19 4 28 55 16 60 42 51 | seed: -1896823136904573567 | 28
GendreauDumasExtended/n60w180.001.txt |   sequence |       open |     555.00 |       0.01 | 19 12 58 5 4 8 51 41 55 22 23 18 33 20 35 26 54 7 56 24 29 3 21 9 57 2 6 38 42 45 59 17 44 46 10 53 49 47 40 1 16 30 52 31 50 32 15 25 34 37 28 13 36 11 43 48 27 60 14 39 | seed: 4254426855907292477 | 39
GendreauDumasExtended/n60w180.002.txt |   sequence |       open |     577.00 |       0.01 | 6 51 38 59 15 43 54 42 48 33 14 8 28 36 31 19 34 18 58 4 16 13 53 47 29 55 40 23 7 32 26 17 56 22 10 3 44 25 2 21 52 50 45 11 30 12 27 5 37 1 35 24 20 57 9 46 41 60 49 39 | seed: -4027905261453169463 | 32
GendreauDumasExtended/n60w180.003.txt |   sequence |       open |     594.00 |       0.01 | 41 47 46 40 30 7 14 19 38 52 32 58 10 5 13 50 25 33 17 43 27 8 59 56 11 37 22 51 2 44 12 35 55 34 4 18 3 20 49 54 48 31 28 26 29 24 21 23 57 1 39 42 36 9 45 6 60 16 53 15 | seed: 1357548215394948477 | 26
GendreauDumasExtended/n60w180.004.txt |   sequence |       open |     619.00 |       0.01 | 12 20 32 50 44 13 6 27 42 15 47 28 30 1 54 35 59 39 17 24 37 53 56 14 11 58 49 41 55 19 51 40 7 18 48 26 9 36 34 43 5 45 22 38 52 33 3 31 2 16 4 23 8 21 25 29 57 46 60 10 | seed: -8793457826260368281 | 39
GendreauDumasExtended/n60w180.005.txt |   sequence |       open |     537.00 |       0.02 | 20 17 9 59 33 16 24 14 53 36 50 47 51 10 44 42 5 56 18 1 21 12 57 6 4 54 22 25 52 15 40 28 48 37 29 30 19 55 13 38 11 43 31 3 35 8 41 32 45 49 34 27 2 39 46 23 60 58 26 7 | seed: -7148205699129954335 | 77
GendreauDumasExtended/n60w200.001.txt |   sequence |       open |     549.00 |       0.01 | 17 57 43 50 12 5 26 38 29 47 19 1 6 51 36 39 56 18 20 15 30 44 23 40 48 28 54 8 16 46 7 31 41 34 45 37 58 2 42 24 22 13 52 32 14 55 59 35 4 33 25 10 27 21 11 49 3 9 53 60 | seed: 6483334537616463073 | 0
GendreauDumasExtended/n60w200.002.txt |   sequence |       open |     549.00 |       0.01 | 19 33 30 28 5 44 18 8 21 56 24 3 31 39 6 29 27 25 14 55 48 54 45 15 42 10 22 23 43 40 34 53 7 52 46 58 2 41 12 16 9 13 36 49 59 50 26 11 37 51 32 1 35 47 38 20 17 57 60 4 | seed: 4129681329775561705 | 9
GendreauDumasExtended/n60w200.003.txt |   sequence |       open |     571.00 |       0.01 | 9 55 6 3 1 24 32 40 30 44 54 21 8 16 22 5 33 58 52 51 41 19 28 26 35 14 50 29 17 11 59 36 46 43 57 45 38 39 56 15 42 48 20 12 13 47 10 7 2 25 31 4 18 49 34 53 27 23 37 60 | seed: 1502736939048370151 | 0
GendreauDumasExtended/n60w200.004.txt |   sequence |       open |     593.00 |       0.00 | 10 18 7 24 16 31 49 47 30 11 19 27 42 28 36 46 25 43 26 38 4 59 45 48 57 8 56 20 53 9 40 34 54 32 44 21 33 2 13 15 37 51 29 6 55 3 23 58 12 41 14 50 5 22 35 52 1 17 39 60 | seed: 3482596309387196073 | 87
GendreauDumasExtended/n60w200.005.txt |   sequence |       open |     583.00 |       0.01 | 23 46 4 24 53 31 56 36 55 54 32 5 58 16 20 18 50 37 8 19 1 38 9 26 10 44 14 7 49 48 57 6 2 35 12 13 41 34 27 29 47 21 28 3 25 45 51 40 33 59 30 15 52 17 42 22 43 60 11 39 | seed: -2789466477296340607 | 64
GendreauDumasExtended/n80w100.001.txt |   sequence |       open |     643.00 |       0.06 | 61 67 7 31 10 37 48 54 22 77 5 58 27 2 30 4 39 15 60 74 73 24 46 32 29 23 76 6 47 78 63 21 18 62 75 51 12 11 3 34 16 14 68 42 36 1 9 55 26 25 45 71 65 49 50 72 43 70 28 59 53 35 44 33 20 57 41 40 64 8 56 13 79 66 17 69 52 38 80 19 | seed: 5743643880518774298 | 32
GendreauDumasExtended/n80w100.002.txt |   sequence |       open |     687.00 |       0.01 | 69 7 39 35 32 46 44 56 47 48 50 40 58 70 51 38 25 60 76 77 66 67 13 34 37 42 3 41 31 18 11 2 30 59 53 65 45 4 49 14 52 78 8 26 28 74 57 10 6 79 71 62 22 9 5 72 54 43 15 75 33 12 24 27 64 1 61 16 19 63 20 21 73 29 68 55 23 36 80 17 | seed: -5668244979175514786 | 52
GendreauDumasExtended/n80w100.003.txt |   sequence |       open |     671.00 |       0.03 | 59 54 28 5 51 18 64 47 42 69 32 38 52 72 40 67 78 1 37 9 74 7 76 35 50 39 44 15 17 41 56 27 21 62 10 79 60 14 33 65 71 2 75 23 36 3 24 66 61 45 22 31 25 13 30 73 43 48 46 49 70 57 34 63 29 26 6 12 77 11 53 20 58 55 16 80 4 68 8 19 | seed: 5405908967259524345 | 33
GendreauDumasExtended/n80w100.004.txt |   sequence |       open |     704.00 |       0.02 | 60 62 34 22 8 10 29 48 54 2 31 77 45 44 51 13 35 20 12 73 56 33 18 16 41 66 75 61 53 28 11 15 24 6 3 76 1 68 27 49 39 40 79 4 67 14 17 21 55 50 52 63 65 59 74 70 64 25 9 38 42 36 30 37 7 69 72 32 5 58 19 78 47 26 43 57 46 71 80 23 | seed: -5446678479120610600 | 64
GendreauDumasExtended/n80w100.005.txt |   sequence |       open |     650.00 |       0.01 | 57 45 50 43 36 1 15 25 19 49 39 30 72 11 33 38 76 66 14 69 64 16 20 23 77 74 46 59 18 60 79 44 73 5 8 47 42 52 61 54 27 17 31 21 48 12 62 9 24 6 7 53 32 34 22 78 13 4 67 75 51 3 63 2 58 40 71 28 10 70 29 37 68 26 55 65 41 80 35 56 | seed: 3157189539124153477 | 19
GendreauDumasExtended/n80w120.001.txt |   sequence |       open |     618.00 |       0.01 | 17 31 34 58 29 37 39 53 64 77 19 9 8 33 2 38 50 79 6 1 48 74 54 3 14 15 5 49 7 66 73 55 44 22 30 71 24 56 76 35 60 62 47 25 20 32 21 61 13 18 4 65 52 41 46 16 28 67 57 40 78 43 59 68 23 45 51 12 72 36 27 70 26 11 42 69 10 80 75 63 | seed: 4597173070213896471 | 20
GendreauDumasExtended/n80w120.002.txt |   sequence |       open |     683.00 |       0.01 | 38 64 30 36 22 61 11 73 31 18 21 16 3 5 13 58 2 53 48 19 9 6 32 1 57 8 44 52 56 23 29 20 43 35 74 27 7 40 37 51 24 66 41 49 55 42 4 76 15 45 26 50 34 63 17 71 79 72 47 25 78 12 33 46 70 39 75 69 59 67 10 54 65 68 14 28 60 80 62 77 | seed: -7510652444828277261 | 32
GendreauDumasExtended/n80w120.003.txt |   sequence |       open |     714.00 |       0.01 | 46 11 50 8 66 34 44 48 10 41 52 45 3 6 69 13 24 2 61 17 20 75 9 30 25 36 73 77 39 42 43 59 55 58 64 72 74 4 78 49 51 56 53 76 57 28 35 14 31 12 40 70 16 38 19 37 60 71 26 62 1 67 18 15 27 22 79 33 21 23 47 65 7 54 32 29 63 5 68 80 | seed: 8653052216290027454 | 15
GendreauDumasExtended/n80w120.004.txt |   sequence |       open |     664.00 |       0.00 | 70 24 47 74 20 65 14 12 22 8 10 16 72 53 39 9 63 62 5 25 11 29 23 31 42 75 73 56 51 64 67 34 43 45 21 40 44 61 36 3 48 30 17 79 18 37 35 19 38 57 60 15 41 27 49 69 68 77 6 1 66 2 50 76 28 52 58 59 7 26 71 4 54 46 32 78 55 80 33 13 | seed: 568496911104213064 | 3
GendreauDumasExtended/n80w120.005.txt |   sequence |       open |     726.00 |       0.01 | 47 70 12 16 4 22 63 9 71 58 66 39 64 5 69 61 54 27 11 20 6 31 78 50 42 55 59 53 48 18 46 28 15 73 2 32 75 74 37 49 62 68 34 7 25 76 41 38 10 35 65 36 43 1 45 52 44 57 77 67 19 30 40 79 29 26 17 51 8 21 23 3 60 13 14 72 56 24 80 33 | seed: 4874794225483180311 | 4
GendreauDumasExtended/n80w140.001.txt |   sequence |       open |     635.00 |       0.01 | 5 56 38 51 61 27 50 54 60 17 53 19 4 24 13 14 30 9 34 6 33 70 45 69 3 71 72 25 29 42 20 66 49 36 64 68 78 8 57 48 12 58 41 55 35 79 7 10 16 62 26 21 15 59 52 32 1 44 73 47 75 74 28 76 46 31 43 39 18 37 63 65 40 67 2 11 23 77 80 22 | seed: -1922212165027702651 | 98
GendreauDumasExtended/n80w140.002.txt |   sequence |       open |     628.00 |       0.01 | 65 41 49 74 52 78 66 43 19 36 3 71 23 12 20 24 26 64 63 9 25 17 32 61 27 72 62 10 79 44 35 30 51 4 8 53 14 47 45 48 31 75 50 5 11 18 21 6 29 59 22 7 55 69 56 38 42 60 54 76 33 58 70 73 34 37 28 40 57 2 77 15 68 16 13 80 39 46 1 67 | seed: -2715780319310444160 | 35
GendreauDumasExtended/n80w140.003.txt |   sequence |       open |     715.00 |       0.01 | 52 19 45 42 57 54 35 10 40 67 28 69 64 79 53 56 71 27 4 12 11 61 44 18 32 24 58 39 73 49 17 38 29 51 72 34 8 7 5 76 46 14 55 6 62 20 33 31 21 68 15 23 78 3 43 47 74 22 16 59 65 41 13 75 48 30 63 25 2 9 36 1 77 50 70 66 26 80 60 37 | seed: -593763463834267932 | 86
GendreauDumasExtended/n80w140.004.txt |   sequence |       open |     594.00 |       0.01 | 78 8 5 20 24 54 40 61 29 41 76 64 48 72 21 74 6 26 77 59 10 44 32 51 25 33 22 45 43 71 60 36 9 56 62 34 18 2 16 46 79 39 31 50 37 63 30 70 58 55 15 47 28 14 13 42 1 67 35 17 66 12 23 52 69 27 49 65 3 75 73 19 4 11 38 53 80 57 7 68 | seed: 2078475050043965622 | 20
GendreauDumasExtended/n80w140.005.txt |   sequence |       open |     758.00 |       0.01 | 33 11 20 21 24 76 18 74 42 49 22 4 15 17 66 69 34 41 55 62 67 61 7 39 60 71 29 32 35 2 13 10 57 45 8 63 14 64 46 31 77 50 26 36 73 38 54 51 56 5 12 19 70 16 65 68 1 3 44 58 52 75 59 40 78 25 72 53 6 79 28 9 43 23 47 27 30 37 80 48 | seed: 4893947618892416308 | 46
GendreauDumasExtended/n80w160.001.txt |   sequence |       open |     653.00 |       0.02 | 40 78 14 9 71 10 45 16 64 79 62 65 24 33 31 42 36 18 7 41 8 30 67 63 21 74 38 51 48 34 56 29 55 5 76 19 59 61 17 53 47 49 69 1 4 73 44 57 70 39 52 32 28 58 72 66 25 26 22 11 60 54 3 75 43 12 20 15 68 77 37 13 23 27 46 6 2 35 80 50 | seed: -750674704582155885 | 66
GendreauDumasExtended/n80w160.002.txt |   sequence |       open |     695.00 |       0.01 | 34 26 51 9 1 60 46 20 37 59 77 44 24 71 12 15 16 49 5 2 63 39 79 21 7 25 67 50 18 57 3 70 62 61 19 10 23 64 78 38 53 36 76 17 30 33 48 52 42 14 43 65 47 72 31 56 55 32 40 8 4 6 35 74 13 54 45 66 58 75 41 29 28 69 22 73 80 68 27 11 | seed: 988479380456449360 | 10
GendreauDumasExtended/n80w160.003.txt |   sequence |       open |     617.00 |       0.01 | 40 61 52 62 67 48 51 78 34 3 2 43 5 41 22 12 15 79 65 29 37 63 44 58 50 24 60 23 8 73 26 68 39 14 75 4 13 25 72 56 16 35 20 18 49 30 53 31 66 46 59 74 33 71 55 57 70 1 9 6 32 11 42 54 28 47 69 19 7 36 76 27 17 45 38 80 77 64 21 10 | seed: 7729135955314686992 | 43
GendreauDumasExtended/n80w160.004.txt |   sequence |       open |     682.00 |       0.03 | 31 7 58 32 42 38 10 35 22 5 73 59 30 16 77 37 29 79 34 45 26 17 15 72 56 63 62 24 13 65 75 49 70 1 54 4 69 25 27 71 44 61 47 66 78 76 60 74 19 3 11 48 9 41 21 14 20 6 2 50 8 64 43 53 33 52 68 12 28 39 36 55 57 40 46 80 51 23 67 18 | seed: -7990296470263404852 | 19
GendreauDumasExtended/n80w160.005.txt |   sequence |       open |     682.00 |       0.01 | 16 3 64 75 20 9 26 43 52 72 12 63 68 13 8 53 46 28 35 70 39 34 14 66 58 22 54 56 79 42 74 19 76 49 37 36 45 69 11 17 25 40 7 2 4 38 27 29 30 18 48 65 47 55 50 1 23 41 5 78 24 59 33 21 71 57 67 61 73 32 77 15 51 60 44 62 10 6 80 31 | seed: 1958551972923416700 | 1
GendreauDumasExtended/n80w180.001.txt |   sequence |       open |     682.00 |       0.02 | 77 11 31 32 72 18 8 21 66 52 6 42 13 27 58 43 4 3 60 36 55 9 28 41 75 76 38 17 46 34 26 57 44 19 40 48 22 7 23 65 20 12 79 59 37 71 30 70 54 14 16 63 25 67 78 49 74 1 50 69 24 5 47 33 15 61 2 64 62 35 73 45 68 39 29 10 51 80 53 56 | seed: 6309069519003857075 | 21
GendreauDumasExtended/n80w180.002.txt |   sequence |       open |     695.00 |       0.02 | 25 57 56 34 49 75 45 8 36 62 1 19 32 30 11 41 43 46 50 58 44 15 59 76 29 21 16 26 28 72 42 3 7 13 38 12 55 22 9 60 53 35 52 17 20 68 48 6 40 67 78 73 24 79 65 37 33 31 71 77 4 70 66 64 63 39 14 10 47 54 2 5 61 51 18 69 27 23 80 74 | seed: 157753470391486887 | 96
GendreauDumasExtended/n80w180.003.txt |   sequence |       open |     689.00 |       0.04 | 19 3 13 51 77 58 48 25 52 17 18 76 57 70 39 45 61 34 4 47 60 1 71 40 8 11 37 73 42 10 15 62 65 41 55 29 54 74 75 36 12 5 66 24 32 23 22 53 2 16 43 46 33 30 63 35 7 69 31 9 14 28 21 67 72 56 49 68 50 20 64 79 59 27 78 6 38 80 44 26 | seed: -668754833221941275 | 5
GendreauDumasExtended/n80w180.004.txt |   sequence |       open |     709.00 |       0.01 | 61 70 71 45 10 12 72 53 3 16 41 58 19 73 37 74 30 79 77 57 60 44 28 8 1 20 65 32 76 7 52 56 40 36 33 22 2 66 23 24 39 21 31 49 15 59 64 51 27 38 62 18 48 69 63 35 25 78 34 67 4 68 54 47 9 46 55 26 42 6 17 14 43 11 13 50 75 5 80 29 | seed: -559670551984385067 | 70
GendreauDumasExtended/n80w180.005.txt |   sequence |       open |     638.00 |       0.01 | 16 73 33 79 5 45 72 4 77 44 71 9 55 48 31 63 50 61 21 57 26 62 53 24 76 47 65 68 60 3 13 54 32 52 27 74 56 46 40 58 43 28 8 69 14 7 10 2 20 6 15 64 49 34 37 22 75 30 35 1 67 29 18 11 12 70 78 39 19 17 66 42 25 41 36 38 23 59 80 51 | seed: 7793319581902025737 | 8
GendreauDumasExtended/n80w200.001.txt |   sequence |       open |     632.00 |       0.02 | 61 67 7 31 15 4 10 30 2 27 58 5 77 22 62 18 63 6 76 23 32 29 46 51 11 12 75 54 37 48 39 60 73 24 74 47 78 21 28 3 70 50 68 42 36 43 1 9 65 49 14 72 34 71 55 26 45 25 16 35 59 53 44 33 20 79 52 64 41 69 57 40 8 56 13 38 19 17 66 80 | seed: -8479251163276576881 | 46
GendreauDumasExtended/n80w200.002.txt |   sequence |       open |     666.00 |       0.01 | 46 69 7 48 47 56 39 35 32 44 40 50 58 42 3 41 37 34 13 66 77 70 67 31 38 51 25 60 76 18 4 11 2 59 53 49 79 45 8 26 78 14 52 10 6 28 74 65 30 75 12 5 72 54 43 15 27 22 62 71 57 9 33 24 16 61 1 19 63 20 21 64 36 68 73 29 55 17 23 80 | seed: -3586361027539272572 | 55
GendreauDumasExtended/n80w200.003.txt |   sequence |       open |     659.00 |       0.01 | 59 54 28 5 51 67 72 40 74 7 76 39 38 18 47 64 32 42 69 9 1 37 52 78 61 22 35 31 50 44 60 15 27 56 79 21 10 62 33 65 41 17 14 2 66 24 3 36 73 71 25 13 45 30 75 23 43 48 46 49 70 57 26 34 55 29 6 77 12 68 63 53 11 20 8 58 16 4 19 80 | seed: 1044251485295646650 | 91
GendreauDumasExtended/n80w200.004.txt |   sequence |       open |     677.00 |       0.02 | 62 34 22 8 60 10 29 54 48 35 45 77 31 76 3 53 6 28 66 51 41 44 16 18 33 56 73 12 20 13 2 61 15 11 24 75 64 59 49 27 39 40 68 1 67 4 79 14 17 21 55 50 63 52 65 25 70 74 9 38 42 36 30 37 72 5 32 7 69 58 19 78 47 71 26 46 57 23 43 80 | seed: -4179049328046263779 | 0
GendreauDumasExtended/n80w200.005.txt |   sequence |       open |     624.00 |       0.01 | 50 57 45 43 15 1 14 36 66 39 30 72 49 38 76 25 19 33 11 69 64 16 20 23 77 18 59 74 79 73 5 8 47 52 44 60 46 42 61 27 21 34 32 4 22 9 48 7 6 31 53 17 12 24 62 54 58 63 2 13 51 3 75 67 78 37 68 40 28 70 10 71 80 41 56 65 55 35 26 29 | seed: -5544444554485404570 | 56
GendreauDumasExtended/n100w100.001.txt |   sequence |       open |     790.00 |       0.03 | 46 87 11 65 6 35 34 55 17 67 68 50 75 29 85 16 93 95 73 61 56 25 79 94 4 27 86 91 60 3 76 81 31 38 5 84 90 9 19 48 71 42 77 53 82 64 41 59 97 20 89 72 49 44 36 70 45 54 7 57 43 15 28 32 33 10 37 80 23 74 47 18 99 78 69 14 21 52 1 24 92 8 63 39 88 62 66 22 12 26 13 40 2 30 98 83 51 96 58 100 | seed: 139460418504488494 | 90
GendreauDumasExtended/n100w100.002.txt |   sequence |       open |     713.00 |       0.02 | 39 58 69 53 1 13 31 50 84 11 57 72 17 86 30 35 44 10 91 87 32 45 27 52 36 28 88 26 16 96 37 82 89 83 63 7 43 6 47 48 23 93 33 81 25 46 21 40 71 95 67 29 62 14 68 60 99 55 12 74 54 9 78 59 73 75 65 79 19 42 20 94 41 97 90 92 61 15 66 49 18 38 77 5 80 22 85 3 34 51 98 24 64 2 56 4 100 70 8 76 | seed: 4599212129455819674 | 83
GendreauDumasExtended/n100w100.003.txt |   sequence |       open |     757.00 |       0.05 | 27 34 62 48 24 87 4 95 33 10 32 8 41 58 71 31 15 98 77 44 40 83 68 94 5 37 18 90 14 69 1 59 12 21 11 50 96 67 43 86 89 35 26 30 61 79 97 3 88 45 63 75 74 60 29 49 6 76 64 16 73 20 65 36 57 46 72 39 25 22 13 78 80 9 7 54 17 70 99 55 84 51 23 19 92 93 28 53 85 47 81 66 56 2 38 42 52 82 100 91 | seed: 3411984203240157909 | 66
GendreauDumasExtended/n100w100.004.txt |   sequence |       open |     816.00 |       0.07 | 78 22 15 89 11 57 39 95 48 71 69 27 12 97 34 3 13 94 54 19 92 52 30 91 76 25 41 7 40 99 36 43 24 47 2 62 42 33 44 90 38 18 65 64 4 88 79 75 59 82 74 21 96 60 17 70 80 68 58 31 67 73 77 32 10 35 66 72 29 85 83 56 61 81 49 6 20 51 53 14 23 37 9 98 87 26 50 45 1 55 46 63 28 86 5 8 84 16 93 100 | seed: 172257235598885515 | 85
GendreauDumasExtended/n100w100.005.txt |   sequence |       open |     697.00 |       0.01 | 6 56 45 55 30 98 33 21 26 81 2 68 78 86 72 90 66 29 70 28 77 22 60 47 9 61 89 15 64 19 92 5 57 8 4 11 39 85 46 20 31 49 95 37 62 25 44 12 16 52 80 1 51 96 23 74 58 53 41 17 14 69 88 97 43 10 94 54 24 75 67 40 63 83 71 59 76 91 42 93 35 18 84 34 87 82 50 99 65 79 38 13 3 27 36 7 48 73 100 32 | seed: 4251488557716176445 | 83
GendreauDumasExtended/n100w120.001.txt |   sequence |       open |     833.00 |       0.01 | 92 99 22 95 40 86 67 45 46 65 48 43 33 82 62 5 31 25 64 84 71 42 59 68 17 6 77 98 29 4 41 3 78 32 94 51 11 97 23 96 18 100 14 60 34 61 72 30 91 47 53 63 36 1 9 90 37 93 69 73 74 83 15 12 54 26 10 81 8 7 66 79 19 44 55 88 76 58 56 70 20 24 2 57 52 38 85 28 49 80 87 27 21 75 39 35 13 16 89 50 | seed: -6819695031084924873 | 52
GendreauDumasExtended/n100w120.002.txt |   sequence |       open |     755.00 |       0.01 | 24 41 37 46 57 92 79 76 30 84 6 56 91 87 21 70 10 65 7 4 52 29 5 60 34 93 75 51 14 55 54 11 17 58 96 22 85 15 69 90 18 71 73 97 35 23 28 74 82 32 63 98 3 13 80 86 61 99 20 39 59 78 8 67 42 88 12 62 95 100 81 36 47 43 53 1 45 66 9 44 68 72 64 49 26 48 77 89 27 40 16 25 50 83 94 38 19 2 31 33 | seed: 7267145610035290467 | 22
GendreauDumasExtended/n100w120.003.txt |   sequence |       open |     755.00 |       0.02 | 64 40 82 28 78 7 30 97 29 27 38 32 94 34 93 36 11 68 85 9 81 83 19 98 53 65 31 44 26 59 51 84 54 89 24 100 70 33 69 3 52 79 86 5 17 46 76 37 63 39 22 42 18 50 99 73 4 57 14 91 55 61 10 2 96 75 62 43 90 41 58 87 8 23 74 1 67 60 92 21 15 20 25 45 56 48 88 6 71 13 72 80 12 95 66 47 16 77 49 35 | seed: -3009960449880365875 | 74
GendreauDumasExtended/n100w120.004.txt |   sequence |       open |     875.00 |       0.02 | 48 6 19 2 71 55 14 22 25 93 49 37 99 59 78 86 83 45 60 97 23 63 24 100 10 3 94 85 42 80 32 12 11 62 29 92 53 18 87 52 91 31 58 27 47 20 57 82 88 51 66 1 61 96 79 44 8 75 81 67 70 90 76 16 38 89 30 56 46 64 41 28 40 69 34 15 7 36 68 4 43 33 35 72 26 73 50 9 13 84 95 17 65 77 39 5 74 54 21 98 | seed: 5766981590409230392 | 2
GendreauDumasExtended/n100w120.005.txt |   sequence |       open |     709.00 |       0.01 | 11 31 64 15 4 61 87 34 53 28 74 10 89 5 62 72 27 65 100 83 18 7 47 23 29 73 55 2 98 12 33 24 26 81 38 76 97 75 86 25 30 17 60 67 80 43 96 58 39 59 44 90 36 45 52 82 56 66 68 22 63 54 99 71 91 16 95 20 70 19 40 8 21 14 46 41 1 9 6 85 78 48 57 50 49 13 84 69 77 79 93 94 92 51 42 88 35 3 37 32 | seed: -275723593241539352 | 60
GendreauDumasExtended/n100w140.001.txt |   sequence |       open |     853.00 |       0.02 | 40 30 35 46 86 61 41 48 28 8 12 19 72 80 55 15 20 33 5 66 37 9 32 93 27 50 2 1 63 23 36 13 71 96 57 82 25 77 21 38 64 87 44 54 92 73 49 29 16 22 91 10 69 34 45 60 6 68 81 67 97 88 65 83 99 17 58 26 39 62 74 100 79 24 56 84 47 95 43 52 14 85 31 7 90 76 42 70 59 78 98 18 11 51 75 89 94 4 3 53 | seed: -8557257940412120375 | 26
GendreauDumasExtended/n100w140.002.txt |   sequence |       open |     886.00 |       0.01 | 9 39 64 48 22 70 97 32 8 40 23 17 58 37 41 94 59 57 5 27 90 71 38 67 3 46 52 31 6 36 60 53 74 88 98 73 30 91 19 85 75 11 10 69 54 49 43 13 33 2 7 92 86 87 72 12 35 81 20 61 79 82 34 80 26 65 66 100 55 62 76 78 21 18 1 83 96 63 77 84 93 51 24 15 25 95 28 68 56 14 89 47 44 42 50 16 45 99 4 29 | seed: 1457152637437063879 | 14
GendreauDumasExtended/n100w140.003.txt |   sequence |       open |     729.00 |       0.01 | 86 4 43 13 70 87 94 15 51 61 88 35 53 80 71 38 75 63 17 33 22 6 85 74 28 92 29 20 96 5 46 58 30 79 2 25 59 41 95 23 83 21 48 34 18 81 45 97 37 1 68 69 42 76 57 32 77 19 55 24 93 52 11 50 44 84 36 31 73 26 60 100 16 8 98 12 49 72 64 7 54 89 90 67 9 91 56 3 10 62 14 82 66 47 99 78 65 40 39 27 | seed: 4352766848008955384 | 2
GendreauDumasExtended/n100w140.004.txt |   sequence |       open |     752.00 |       0.01 | 86 47 72 35 76 45 83 65 67 84 8 100 38 56 37 19 60 93 52 10 53 85 14 41 49 11 46 48 90 71 55 91 78 77 24 95 25 74 70 3 96 29 26 97 43 9 54 58 27 57 61 63 73 30 13 59 44 6 50 92 64 31 28 5 79 7 39 1 75 20 88 21 16 87 12 40 81 33 69 51 18 66 22 15 42 62 17 32 4 23 94 36 68 82 80 34 98 99 2 89 | seed: -3163821674408146188 | 93
GendreauDumasExtended/n100w140.005.txt |   sequence |       open |     778.00 |       0.02 | 70 27 4 59 77 25 11 83 55 98 12 97 24 87 1 58 22 40 85 15 2 5 28 100 6 21 34 52 64 44 20 19 10 46 48 89 51 3 33 73 94 49 41 14 78 13 92 75 95 7 72 8 80 90 26 69 47 86 36 71 53 32 17 84 37 39 35 82 29 61 54 74 43 9 66 31 88 65 79 57 81 42 60 99 96 62 23 91 30 38 68 93 76 56 18 16 63 50 45 67 | seed: -2701627534893640605 | 74
GendreauDumasExtended/n100w160.001.txt |   sequence |       open |     792.00 |       0.02 | 56 28 31 39 79 36 82 10 80 69 67 68 43 55 6 81 19 21 4 15 85 16 83 42 49 90 33 8 46 45 77 72 61 75 12 89 64 20 57 50 48 29 98 1 17 11 14 25 88 94 91 59 2 96 13 24 71 97 26 7 44 100 99 30 18 38 66 52 87 73 34 54 40 5 78 32 53 47 22 74 70 51 65 58 93 86 76 95 3 37 84 63 23 41 92 35 27 9 62 60 | seed: -3391708063637099363 | 18
GendreauDumasExtended/n100w160.002.txt |   sequence |       open |     772.00 |       0.03 | 35 92 89 63 73 56 42 38 81 21 12 61 4 97 19 99 86 41 11 48 44 51 16 77 26 50 88 71 95 22 24 85 3 66 34 27 39 17 30 2 87 96 70 69 67 59 93 31 74 100 68 25 80 72 10 62 8 84 6 29 37 52 58 18 98 76 53 1 60 82 78 83 57 32 54 75 7 94 5 49 13 90 33 9 43 14 36 46 55 47 65 91 40 45 64 15 79 28 23 20 | seed: 2757931494459896746 | 75
GendreauDumasExtended/n100w160.003.txt |   sequence |       open |     815.00 |       0.01 | 90 86 10 94 21 19 30 36 38 67 49 88 96 27 24 74 63 65 31 72 37 40 44 83 59 73 66 46 45 71 25 16 17 2 78 81 48 34 57 55 4 29 85 50 61 87 99 47 42 22 75 53 18 82 13 52 97 6 56 12 33 64 3 26 32 14 80 92 28 5 76 69 54 41 8 70 15 9 35 60 58 11 68 95 23 79 51 98 100 93 84 39 20 7 62 91 1 89 77 43 | seed: -7706016281404892605 | 12
GendreauDumasExtended/n100w160.004.txt |   sequence |       open |     819.00 |       0.02 | 39 3 44 4 92 87 83 12 62 76 42 77 26 98 11 46 59 81 38 75 84 7 35 8 66 32 41 43 21 48 70 55 37 72 18 36 45 49 34 74 16 73 64 100 79 86 23 67 28 15 47 94 95 54 89 65 56 6 17 68 60 93 25 71 69 29 97 13 96 14 50 78 9 63 33 52 1 53 27 99 58 2 85 40 91 57 24 30 19 61 5 90 88 51 10 20 22 80 31 82 | seed: 8861556825690027472 | 83
GendreauDumasExtended/n100w160.005.txt |   sequence |       open |     822.00 |       0.02 | 21 87 29 1 49 14 54 22 77 82 8 13 86 19 34 11 63 71 81 84 51 23 41 83 32 72 26 85 56 62 65 80 99 37 38 17 57 25 100 6 76 43 78 45 69 9 98 42 47 53 40 74 35 48 92 30 33 36 52 3 75 67 70 27 61 15 97 93 2 55 10 24 46 91 90 20 73 79 58 66 94 7 64 60 39 95 16 50 18 89 31 59 5 12 68 44 28 96 88 4 | seed: 3582181014587307019 | 39
GendreauDumasExtended/n100w80.001.txt |   sequence |       open |     757.00 |       0.03 | 46 87 11 65 6 35 34 67 17 55 68 93 16 85 4 75 29 50 95 27 94 86 79 25 73 61 91 60 56 3 76 81 31 84 9 48 19 71 90 38 5 42 77 82 20 64 53 59 41 97 89 49 72 44 54 45 70 36 7 57 43 15 28 33 10 23 74 47 78 69 14 37 80 99 18 32 21 52 1 24 92 8 66 88 62 22 12 26 63 39 13 40 2 30 98 51 83 96 58 100 | seed: 7304029497596501195 | 5
GendreauDumasExtended/n100w80.002.txt |   sequence |       open |     716.00 |       0.04 | 39 69 58 53 84 50 1 31 11 13 57 72 17 91 10 44 35 86 30 82 87 32 45 27 52 36 28 26 88 96 16 37 89 83 63 7 43 93 6 47 23 48 25 81 33 46 21 40 71 95 67 29 62 14 68 54 74 12 55 79 99 75 73 59 19 60 65 78 42 20 9 94 41 90 92 97 22 80 61 15 66 49 18 38 77 5 85 34 3 51 98 64 2 24 56 70 4 100 76 8 | seed: 2604980174131696087 | 74
GendreauDumasExtended/n100w80.003.txt |   sequence |       open |     804.00 |       0.02 | 27 34 8 10 33 32 62 41 95 4 87 24 48 58 71 31 15 77 98 44 40 83 68 94 5 37 18 90 59 1 69 14 12 11 21 96 50 67 35 89 86 26 43 30 79 6 97 88 63 3 45 61 60 75 29 49 76 64 74 16 20 73 65 36 9 80 57 72 78 46 13 22 25 39 17 7 70 55 99 54 84 51 23 19 92 93 28 53 85 47 81 2 56 66 38 42 52 82 100 91 | seed: 8782588802110161381 | 34
GendreauDumasExtended/n100w80.004.txt |   sequence |       open |     802.00 |       0.04 | 22 69 27 89 15 11 78 12 97 57 48 95 39 34 3 13 71 19 52 54 94 76 30 91 92 99 7 40 41 25 62 24 38 47 33 42 2 44 90 43 36 65 18 79 4 64 88 75 59 82 74 21 96 60 10 17 32 70 68 80 73 58 67 31 81 77 35 72 66 29 85 83 51 53 14 20 6 56 49 61 23 37 98 9 87 50 26 86 45 1 55 46 63 28 5 8 84 16 93 100 | seed: -4747683944447733328 | 79
GendreauDumasExtended/n100w80.005.txt |   sequence |       open |     678.00 |       0.01 | 6 56 68 78 26 81 2 45 86 55 72 90 21 30 98 33 66 28 77 22 29 70 47 9 57 89 4 60 8 15 61 64 92 19 5 11 39 85 46 20 31 49 95 37 44 12 62 25 16 52 80 96 1 51 23 17 41 88 94 43 10 97 69 58 74 53 14 24 75 54 40 67 63 83 71 91 42 35 18 84 34 82 87 93 76 50 99 59 79 38 13 3 65 27 48 7 36 73 100 32 | seed: -9073878998771398554 | 64
