GendreauDumasExtended/n20w120.001.txt |   sequence | open (improved init) |     359.00 |       0.00 | 5 12 9 19 16 17 18 10 11 15 1 6 13 4 7 2 8 3 20 14 | seed: 2924454143487725608 | 60
GendreauDumasExtended/n20w120.002.txt |   sequence | open (improved init) |     286.00 |       0.00 | 1 14 18 4 8 7 5 10 11 16 19 15 17 6 12 9 3 2 20 13 | seed: -7755814530287514447 | 3
GendreauDumasExtended/n20w120.003.txt |   sequence | open (improved init) |     354.00 |       0.00 | 5 19 13 1 3 4 16 8 9 11 17 7 2 15 14 18 10 20 12 6 | seed: -4977899940495684087 | 2
GendreauDumasExtended/n20w120.004.txt |   sequence | open (improved init) |     392.00 |       0.00 | 11 3 2 7 15 9 8 19 5 6 10 14 4 12 18 16 20 13 17 1 | seed: 6247704831487001683 | 9
GendreauDumasExtended/n20w120.005.txt |   sequence | open (improved init) |     336.00 |       0.00 | 11 7 13 19 16 18 3 8 17 5 9 15 6 10 2 4 14 20 1 12 | seed: 6078365319027055336 | 1
GendreauDumasExtended/n20w140.001.txt |   sequence | open (improved init) |     269.00 |       0.00 | 5 6 11 8 4 7 19 17 13 15 12 1 14 2 9 18 16 3 10 20 | seed: 463560665462677917 | 18
GendreauDumasExtended/n20w140.002.txt |   sequence | open (improved init) |     356.00 |       0.00 | 10 6 18 14 16 4 15 17 19 8 5 1 7 13 11 2 9 3 12 20 | seed: 6101450743657825470 | 14
GendreauDumasExtended/n20w140.003.txt |   sequence | open (improved init) |     299.00 |       0.00 | 9 14 7 17 11 10 3 8 15 13 6 20 4 12 16 1 2 19 5 18 | seed: -6283962625999239360 | 16
GendreauDumasExtended/n20w140.004.txt |   sequence | open (improved init) |     295.00 |       0.00 | 13 5 1 18 17 11 15 19 7 6 10 4 16 12 3 8 14 2 9 20 | seed: -5690932431124299122 | 23
GendreauDumasExtended/n20w140.005.txt |   sequence | open (improved init) |     276.00 |       0.00 | 15 19 6 8 7 16 2 17 9 13 18 5 12 14 20 1 3 11 10 4 | seed: 4247383028806556345 | 18
GendreauDumasExtended/n20w160.001.txt |   sequence | open (improved init) |     272.00 |       0.00 | 10 19 13 1 7 6 3 5 4 11 14 16 2 9 15 12 20 8 18 17 | seed: -358703379834441442 | 8
GendreauDumasExtended/n20w160.002.txt |   sequence | open (improved init) |     227.00 |       0.00 | 19 4 18 1 8 12 15 7 10 3 5 17 9 11 14 6 2 20 16 13 | seed: 1398457114416441566 | 68
GendreauDumasExtended/n20w160.003.txt |   sequence | open (improved init) |     305.00 |       0.00 | 10 11 7 5 15 13 17 8 9 12 3 2 1 4 19 18 20 16 6 14 | seed: -3851137419420211799 | 20
GendreauDumasExtended/n20w160.004.txt |   sequence | open (improved init) |     326.00 |       0.00 | 3 5 11 7 19 12 17 9 8 16 2 14 1 15 10 6 18 13 20 4 | seed: -3737142343654964567 | 0
GendreauDumasExtended/n20w160.005.txt |   sequence | open (improved init) |     314.00 |       0.00 | 13 4 1 16 3 8 5 14 15 18 10 12 7 17 20 9 2 19 11 6 | seed: -8218407864792030887 | 0
GendreauDumasExtended/n20w180.001.txt |   sequence | open (improved init) |     366.00 |       0.00 | 3 5 19 13 1 11 18 12 15 17 14 10 7 16 8 6 4 9 20 2 | seed: -6548424148301997473 | 7
GendreauDumasExtended/n20w180.002.txt |   sequence | open (improved init) |     342.00 |       0.00 | 16 1 12 15 5 17 6 9 13 18 4 10 3 14 19 11 7 20 2 8 | seed: 1287826882434945882 | 6
GendreauDumasExtended/n20w180.003.txt |   sequence | open (improved init) |     301.00 |       0.00 | 3 15 9 16 19 13 11 10 14 4 2 18 7 12 5 6 1 8 17 20 | seed: -961983681720980433 | 67
GendreauDumasExtended/n20w180.004.txt |   sequence | open (improved init) |     322.00 |       0.00 | 18 10 17 3 7 11 2 19 8 6 5 4 13 1 14 9 16 12 20 15 | seed: 2634690661921872862 | 44
GendreauDumasExtended/n20w180.005.txt |   sequence | open (improved init) |     255.00 |       0.00 | 3 4 6 9 10 19 1 8 16 13 12 18 5 14 7 15 2 17 11 20 | seed: 4874410349927797418 | 33
GendreauDumasExtended/n20w200.001.txt |   sequence | open (improved init) |     310.00 |       0.00 | 9 11 8 4 15 14 10 3 5 16 2 1 6 18 13 7 17 12 20 19 | seed: -6224080604455474081 | 20
GendreauDumasExtended/n20w200.002.txt |   sequence | open (improved init) |     291.00 |       0.00 | 17 10 8 16 5 1 15 4 19 11 2 12 9 14 7 13 3 6 18 20 | seed: 5932930131828924096 | 2
GendreauDumasExtended/n20w200.003.txt |   sequence | open (improved init) |     362.00 |       0.00 | 11 14 5 10 2 19 16 18 4 17 15 8 3 12 7 6 13 9 1 20 | seed: 8108549155302911260 | 48
GendreauDumasExtended/n20w200.004.txt |   sequence | open (improved init) |     339.00 |       0.00 | 17 18 14 10 13 6 3 4 12 11 2 16 1 19 7 15 8 9 5 20 | seed: 5692842951561327311 | 46
GendreauDumasExtended/n20w200.005.txt |   sequence | open (improved init) |     308.00 |       0.00 | 11 13 10 1 2 8 19 18 9 12 5 20 15 6 3 17 14 7 16 4 | seed: -292365467396826221 | 52
GendreauDumasExtended/n40w120.001.txt |   sequence | open (improved init) |     477.00 |       0.00 | 6 37 13 7 15 16 12 39 2 35 25 4 23 32 1 8 38 3 33 18 14 5 36 10 31 22 27 9 19 29 11 21 26 34 28 24 40 20 17 30 | seed: -7341388120879516287 | 61
GendreauDumasExtended/n40w120.002.txt |   sequence | open (improved init) |     551.00 |       0.00 | 10 16 9 24 18 27 32 8 37 28 12 39 34 25 23 26 7 6 38 29 20 30 5 22 33 11 17 3 2 31 14 19 15 36 1 4 13 40 21 35 | seed: -1486983736919310456 | 85
GendreauDumasExtended/n40w120.003.txt |   sequence | open (improved init) |     439.00 |       0.00 | 6 12 1 33 2 35 24 13 17 21 38 37 10 16 5 26 23 3 14 27 11 8 31 25 22 29 19 9 32 15 20 34 7 36 28 39 40 30 18 4 | seed: 2210152907054629631 | 25
GendreauDumasExtended/n40w120.004.txt |   sequence | open (improved init) |     371.00 |       0.00 | 5 7 37 32 11 28 24 19 17 36 20 35 39 22 2 1 38 16 12 33 25 21 29 27 30 14 31 15 3 9 13 40 10 6 34 26 4 18 8 23 | seed: 8138879935428004117 | 24
GendreauDumasExtended/n40w120.005.txt |   sequence | open (improved init) |     460.00 |       0.00 | 5 38 28 21 24 12 26 34 32 2 27 13 3 11 14 29 18 19 16 33 37 8 6 4 36 17 20 25 22 9 23 1 7 31 40 39 30 15 10 35 | seed: -345272995537098864 | 0
GendreauDumasExtended/n40w140.001.txt |   sequence | open (improved init) |     426.00 |       0.00 | 32 10 2 20 19 33 23 34 27 9 31 29 21 13 14 28 6 1 16 30 17 15 26 35 36 8 24 4 11 5 22 38 3 18 37 40 39 7 25 12 | seed: -7912136681107973300 | 91
GendreauDumasExtended/n40w140.002.txt |   sequence | open (improved init) |     431.00 |       0.00 | 5 35 15 7 22 36 11 34 3 19 32 12 26 25 39 1 18 14 27 13 17 29 30 16 2 24 23 31 8 10 33 28 21 4 6 9 38 40 37 20 | seed: 6994100764195941280 | 12
GendreauDumasExtended/n40w140.003.txt |   sequence | open (improved init) |     490.00 |       0.00 | 17 11 35 30 10 31 1 16 23 9 7 34 38 27 24 2 32 4 6 29 5 14 22 25 12 26 3 20 8 19 36 13 21 37 40 39 28 33 15 18 | seed: 4101460794074814768 | 83
GendreauDumasExtended/n40w140.004.txt |   sequence | open (improved init) |     464.00 |       0.00 | 12 3 8 23 26 28 9 17 32 14 38 33 24 1 25 39 15 21 13 7 36 6 34 29 22 20 35 19 11 10 16 5 37 27 18 30 2 31 40 4 | seed: -2746678743196506518 | 36
GendreauDumasExtended/n40w140.005.txt |   sequence | open (improved init) |     455.00 |       0.00 | 24 11 29 26 21 15 2 4 33 23 13 36 32 6 7 37 20 35 5 17 38 28 16 18 34 10 25 27 39 31 8 14 3 19 1 40 22 30 9 12 | seed: -72459271910676781 | 89
GendreauDumasExtended/n40w160.001.txt |   sequence | open (improved init) |     437.00 |       0.00 | 15 10 36 6 16 17 4 8 7 33 19 32 31 1 27 9 25 22 18 12 21 13 3 23 26 5 35 30 34 28 29 38 2 20 14 39 11 40 37 24 | seed: 1369259360392007441 | 2
GendreauDumasExtended/n40w160.002.txt |   sequence | open (improved init) |     493.00 |       0.00 | 30 3 18 34 38 28 8 6 14 20 24 26 15 27 1 10 35 13 12 2 23 17 5 9 33 37 19 21 29 25 11 16 4 40 31 32 22 7 36 39 | seed: -4329414342939452574 | 38
GendreauDumasExtended/n40w160.003.txt |   sequence | open (improved init) |     412.00 |       0.00 | 6 18 12 36 10 8 35 27 34 4 22 25 19 16 39 1 26 33 23 17 28 24 38 14 30 37 9 32 31 20 7 15 2 3 29 5 13 21 11 40 | seed: 2724217690765843484 | 10
GendreauDumasExtended/n40w160.004.txt |   sequence | open (improved init) |     507.00 |       0.00 | 13 7 28 15 3 4 14 26 19 33 36 38 9 30 29 37 18 8 31 32 24 6 23 10 16 2 39 5 11 21 34 35 20 27 25 1 12 22 17 40 | seed: 5313506463248124686 | 17
GendreauDumasExtended/n40w160.005.txt |   sequence | open (improved init) |     388.00 |       0.00 | 4 18 20 2 25 37 17 1 36 28 27 3 23 11 15 24 26 6 5 29 9 14 7 39 8 13 33 31 21 22 30 16 35 38 10 19 32 12 34 40 | seed: -5940357974979792784 | 52
GendreauDumasExtended/n40w180.001.txt |   sequence | open (improved init) |     461.00 |       0.00 | 17 39 11 33 31 38 8 21 28 18 36 37 14 2 13 35 24 34 9 23 16 4 26 1 32 20 25 5 12 7 30 6 10 29 15 3 22 27 40 19 | seed: -100101909610881034 | 42
GendreauDumasExtended/n40w180.002.txt |   sequence | open (improved init) |     460.00 |       0.00 | 30 10 15 11 14 13 18 26 8 35 17 23 19 4 27 21 37 6 24 7 1 3 2 25 39 16 36 12 33 38 32 28 20 29 34 5 22 40 9 31 | seed: 7779394931350387391 | 6
GendreauDumasExtended/n40w180.003.txt |   sequence | open (improved init) |     390.00 |       0.00 | 31 34 18 15 38 10 22 8 27 6 35 5 25 16 24 14 32 21 37 7 12 4 13 20 26 29 33 1 2 28 23 17 30 9 36 40 3 11 19 39 | seed: 3152247359906028225 | 4
GendreauDumasExtended/n40w180.004.txt |   sequence | open (improved init) |     500.00 |       0.00 | 36 15 25 20 2 10 26 19 38 3 24 4 39 30 27 8 33 1 34 14 28 31 37 9 11 29 12 22 7 13 21 23 16 5 6 18 17 35 32 40 | seed: -7607078849226773574 | 15
GendreauDumasExtended/n40w180.005.txt |   sequence | open (improved init) |     467.00 |       0.00 | 29 30 16 34 8 6 14 32 22 25 7 18 2 23 9 37 17 15 38 20 1 3 4 27 12 28 11 21 5 13 26 19 33 10 39 35 24 31 40 36 | seed: 3840330216356894389 | 0
GendreauDumasExtended/n40w200.001.txt |   sequence | open (improved init) |     449.00 |       0.00 | 34 5 16 26 1 27 18 32 33 13 2 14 8 22 19 31 20 21 37 9 11 6 4 15 25 3 24 36 39 10 35 12 30 29 17 7 23 28 38 40 | seed: -8494770472484674125 | 32
GendreauDumasExtended/n40w200.002.txt |   sequence | open (improved init) |     442.00 |       0.00 | 4 36 8 26 22 24 11 15 34 33 12 9 10 7 28 21 25 39 3 23 37 30 32 1 2 29 16 19 14 18 6 27 20 5 38 35 13 17 31 40 | seed: 5711699259647197020 | 1
GendreauDumasExtended/n40w200.003.txt |   sequence | open (improved init) |     419.00 |       0.00 | 22 16 26 13 8 39 17 34 25 2 23 30 18 14 12 15 3 35 24 31 29 4 7 1 21 28 37 27 6 9 11 33 38 10 20 32 36 40 5 19 | seed: 5114535977536650386 | 0
GendreauDumasExtended/n40w200.004.txt |   sequence | open (improved init) |     428.00 |       0.00 | 18 16 1 10 6 26 20 19 27 39 28 24 15 17 3 2 11 29 37 22 5 21 23 38 34 13 32 33 7 40 8 14 25 12 35 31 4 9 36 30 | seed: 2733118504110574818 | 28
GendreauDumasExtended/n40w200.005.txt |   sequence | open (improved init) |     426.00 |       0.00 | 28 14 33 13 27 15 34 1 26 6 24 4 12 29 25 37 3 23 20 39 7 16 2 21 31 11 32 30 18 10 36 19 8 17 35 9 5 38 40 22 | seed: 4283206825125495454 | 0
GendreauDumasExtended/n60w120.001.txt |   sequence | open (improved init) |     502.00 |       0.00 | 38 6 48 12 56 34 17 19 51 9 15 25 7 32 22 59 58 42 13 4 5 52 30 44 50 18 47 31 46 16 23 21 28 39 29 11 2 43 41 27 10 45 57 35 8 26 1 3 33 54 36 24 20 37 49 40 55 14 53 60 | seed: -4908006818747452807 | 16
GendreauDumasExtended/n60w120.002.txt |   sequence | open (improved init) |     594.00 |       0.01 | 2 15 59 36 26 54 38 50 39 56 32 27 25 31 24 46 29 7 20 57 17 55 28 22 34 11 10 51 42 5 9 4 41 8 33 45 30 58 53 44 1 13 43 21 49 14 48 12 40 23 47 19 35 16 6 3 18 60 37 52 | seed: 6507362015238892610 | 29
GendreauDumasExtended/n60w120.003.txt |   sequence | open (improved init) |     497.00 |       0.01 | 18 56 1 14 12 34 31 19 22 29 33 49 20 45 40 15 48 52 38 37 13 46 44 17 25 59 7 5 26 11 8 41 27 24 47 35 23 43 16 9 3 51 55 6 50 42 39 21 30 54 57 32 28 60 10 36 58 53 2 4 | seed: -622508607730074557 | 66
GendreauDumasExtended/n60w120.004.txt |   sequence | open (improved init) |     600.00 |       0.01 | 8 10 49 48 25 13 56 12 33 27 43 58 35 29 11 38 3 9 22 4 34 50 30 23 41 54 55 21 18 2 6 1 44 14 7 15 20 46 24 5 42 47 17 40 37 19 28 31 39 26 45 52 53 59 32 36 16 60 57 51 | seed: 7842421930639979019 | 86
GendreauDumasExtended/n60w120.005.txt |   sequence | open (improved init) |     585.00 |       0.01 | 8 11 13 35 18 26 42 51 12 50 10 20 55 16 44 47 33 7 29 28 3 34 37 45 2 58 19 49 25 21 32 48 46 53 1 22 52 56 17 6 39 57 27 36 54 31 43 23 38 40 59 30 5 24 9 14 15 60 4 41 | seed: 7698107988279988969 | 68
GendreauDumasExtended/n60w140.001.txt |   sequence | open (improved init) |     622.00 |       0.01 | 18 3 32 33 40 7 55 29 17 11 44 6 58 21 28 4 15 19 24 56 8 39 12 42 16 43 54 52 25 2 14 59 36 45 57 27 47 31 20 49 48 26 35 46 50 9 53 5 34 37 38 51 22 10 41 30 23 13 60 1 | seed: 6372262690383153260 | 36
GendreauDumasExtended/n60w140.002.txt |   sequence | open (improved init) |     618.00 |       0.01 | 30 10 31 21 19 15 47 42 18 55 16 41 44 58 12 36 2 17 3 35 6 32 9 39 37 25 29 34 46 56 51 4 45 20 28 23 27 7 8 13 38 14 43 50 53 59 57 24 49 22 40 1 48 33 54 52 26 11 60 5 | seed: 2236085390628240087 | 15
GendreauDumasExtended/n60w140.003.txt |   sequence | open (improved init) |     553.00 |       0.01 | 40 49 6 43 52 33 28 45 18 15 27 32 55 1 58 7 41 2 19 26 37 42 38 54 9 29 25 36 51 34 35 30 12 8 5 44 47 56 57 17 50 24 14 3 13 31 4 21 59 16 11 53 39 10 20 22 46 60 48 23 | seed: 2552010042187349247 | 48
GendreauDumasExtended/n60w140.004.txt |   sequence | open (improved init) |     589.00 |       0.06 | 3 55 10 50 8 38 26 13 24 12 9 32 31 35 27 23 29 53 49 15 4 5 41 43 22 39 21 57 59 37 19 54 7 14 30 11 2 48 44 20 51 17 47 1 42 46 33 18 25 16 40 36 34 28 45 58 52 60 56 6 | seed: 3879414394682783190 | 72
GendreauDumasExtended/n60w140.005.txt |   sequence | open (improved init) |     608.00 |       0.01 | 12 11 35 17 49 31 55 38 20 33 24 46 2 4 9 34 41 45 28 1 7 51 5 59 16 50 39 21 13 14 3 30 10 19 36 6 43 29 40 25 48 57 58 54 37 26 53 8 23 52 44 42 47 22 18 32 15 60 27 56 | seed: -5030822061269670774 | 84
GendreauDumasExtended/n60w160.001.txt |   sequence | open (improved init) |     711.00 |       0.00 | 16 7 49 26 8 39 52 46 34 19 2 20 25 33 14 12 29 53 56 38 37 27 45 47 28 30 1 42 32 22 35 17 51 48 4 11 18 40 54 58 21 9 44 31 24 5 43 36 50 15 3 10 59 41 55 57 23 60 13 6 | seed: 8219838766683007845 | 84
GendreauDumasExtended/n60w160.002.txt |   sequence | open (improved init) |     635.00 |       0.00 | 41 5 32 19 56 9 48 13 44 36 14 8 47 55 1 52 59 20 24 40 58 23 18 3 49 45 54 51 26 34 15 25 42 12 37 16 11 22 50 7 33 30 57 10 2 53 38 4 21 31 46 17 60 39 6 43 35 28 29 27 | seed: -5896469557827327981 | 54
GendreauDumasExtended/n60w160.003.txt |   sequence | open (improved init) |     511.00 |       0.01 | 52 3 24 60 43 31 21 14 37 38 17 25 28 7 23 53 19 36 57 9 55 12 50 46 20 32 2 4 58 13 6 5 34 30 22 27 51 29 39 45 42 41 49 35 8 56 16 47 18 15 26 11 54 33 44 40 59 1 10 48 | seed: 2737375612081926722 | 15
GendreauDumasExtended/n60w160.004.txt |   sequence | open (improved init) |     563.00 |       0.00 | 49 5 6 12 31 2 23 41 27 45 34 37 11 36 54 19 14 50 1 53 33 13 26 4 56 42 18 24 58 32 8 3 22 44 47 17 21 29 20 7 46 40 43 52 57 48 51 15 55 25 39 35 10 30 38 16 60 9 59 28 | seed: 511386170754580933 | 10
GendreauDumasExtended/n60w160.005.txt |   sequence | open (improved init) |     653.00 |       0.00 | 26 29 3 6 12 7 2 45 10 24 34 48 35 50 38 57 39 53 27 18 23 20 25 46 37 22 56 36 8 17 31 11 52 5 41 13 9 40 33 15 32 54 14 44 43 49 58 21 47 30 59 4 51 1 19 55 28 42 16 60 | seed: -7074048640568503154 | 15
GendreauDumasExtended/n60w180.001.txt |   sequence | open (improved init) |     558.00 |       0.01 | 19 12 58 22 4 8 51 41 55 5 23 18 33 20 26 54 7 56 24 3 21 9 45 57 2 6 38 42 35 59 17 29 44 46 10 53 49 47 40 1 16 30 52 31 50 32 15 25 34 37 28 13 36 11 43 27 48 60 14 39 | seed: 6027673052145187490 | 8
GendreauDumasExtended/n60w180.002.txt |   sequence | open (improved init) |     561.00 |       0.01 | 51 38 6 59 15 43 54 58 8 36 19 31 34 18 48 42 33 16 14 28 13 29 55 53 47 40 23 7 32 26 4 56 22 3 44 25 2 52 50 21 11 10 17 45 30 12 27 5 37 1 35 24 20 57 9 46 49 60 41 39 | seed: 4564809490816573142 | 21
GendreauDumasExtended/n60w180.003.txt |   sequence | open (improved init) |     596.00 |       0.01 | 47 46 40 30 7 14 19 38 52 41 50 25 33 17 43 27 8 59 10 58 56 32 11 5 13 22 51 2 12 35 55 34 4 37 44 3 20 49 18 54 48 31 28 26 29 24 21 23 57 1 39 42 36 9 45 6 53 15 60 16 | seed: 2336353607198684337 | 8
GendreauDumasExtended/n60w180.004.txt |   sequence | open (improved init) |     622.00 |       0.01 | 12 20 32 50 44 13 56 14 6 27 42 15 47 30 28 1 54 35 59 39 17 24 53 37 49 41 55 19 11 58 51 5 45 7 31 18 48 26 9 36 34 43 40 38 52 33 22 2 4 16 3 25 21 8 23 29 57 46 60 10 | seed: 6690706687434101179 | 48
GendreauDumasExtended/n60w180.005.txt |   sequence | open (improved init) |     530.00 |       0.01 | 59 9 17 20 33 16 54 22 4 25 24 14 53 36 50 42 5 44 51 47 10 56 12 57 6 52 15 1 18 40 28 38 48 21 37 29 30 19 55 13 46 11 43 31 3 35 8 41 32 45 49 34 2 39 27 23 60 58 26 7 | seed: -459553636969397035 | 78
GendreauDumasExtended/n60w200.001.txt |   sequence | open (improved init) |     544.00 |       0.01 | 17 5 26 46 38 29 47 19 1 6 50 43 57 51 36 12 39 56 18 20 30 15 44 23 40 48 54 28 34 45 8 41 31 16 37 58 2 32 14 55 7 24 22 42 13 52 3 33 25 10 59 4 35 27 21 11 49 9 53 60 | seed: 5285683951950822700 | 37
GendreauDumasExtended/n60w200.002.txt |   sequence | open (improved init) |     572.00 |       0.01 | 19 33 30 28 5 44 18 8 21 29 25 27 14 42 15 45 10 56 54 48 24 3 55 43 31 39 6 35 22 23 40 2 34 53 52 7 46 12 41 16 9 13 36 49 59 50 26 11 37 1 51 32 38 47 20 17 57 58 60 4 | seed: 1483080268445668590 | 6
GendreauDumasExtended/n60w200.003.txt |   sequence | open (improved init) |     583.00 |       0.02 | 9 55 6 3 1 24 32 40 30 44 54 35 14 50 36 16 22 8 21 29 28 51 43 38 45 46 41 48 19 11 17 59 5 26 4 52 33 58 39 56 42 15 57 7 47 13 12 20 31 18 2 49 34 53 23 27 10 60 37 25 | seed: 1811957644906125219 | 88
GendreauDumasExtended/n60w200.004.txt |   sequence | open (improved init) |     593.00 |       0.00 | 10 18 7 24 16 31 49 47 30 11 19 27 42 28 36 46 25 43 26 38 4 59 45 48 57 8 56 20 53 9 40 34 54 32 44 21 33 2 13 15 37 51 29 6 55 3 23 58 12 41 14 50 5 22 35 52 1 17 39 60 | seed: -3364292108578333136 | 82
GendreauDumasExtended/n60w200.005.txt |   sequence | open (improved init) |     594.00 |       0.01 | 23 46 4 24 53 31 56 36 55 54 19 5 34 58 16 20 18 50 32 37 8 38 1 9 10 26 44 14 7 49 48 12 13 41 21 35 27 29 47 57 6 2 28 3 25 45 51 40 33 59 30 15 52 17 42 22 43 39 11 60 | seed: 2847231961638450259 | 0
GendreauDumasExtended/n80w100.001.txt |   sequence | open (improved init) |     629.00 |       0.03 | 61 67 7 31 15 10 37 22 54 48 77 5 58 27 2 30 4 39 60 74 73 46 32 29 24 23 6 76 47 63 78 21 18 62 11 3 51 12 75 34 72 50 68 42 36 1 49 14 16 25 71 45 26 55 65 9 43 70 28 59 35 53 44 33 20 57 41 40 64 8 56 13 79 66 17 69 52 38 80 19 | seed: -2286615563000553710 | 11
GendreauDumasExtended/n80w100.002.txt |   sequence | open (improved init) |     666.00 |       0.01 | 39 7 69 35 32 46 44 56 47 48 50 40 58 70 51 38 25 60 76 77 66 67 13 34 37 42 3 41 31 18 11 2 30 59 53 65 4 49 79 45 14 52 78 8 26 28 74 57 10 6 71 62 22 9 54 5 72 43 15 75 33 12 24 27 64 1 61 16 19 63 20 21 73 29 68 55 23 80 17 36 | seed: 4666054030712624883 | 47
GendreauDumasExtended/n80w100.003.txt |   sequence | open (improved init) |     665.00 |       0.02 | 59 54 28 5 51 18 47 32 42 69 64 38 52 40 67 1 37 9 78 72 74 7 76 35 50 39 44 15 62 10 21 27 79 56 41 17 60 14 33 65 2 66 24 3 36 23 61 45 22 31 25 13 71 73 30 75 43 48 46 49 57 6 26 34 63 29 70 12 77 11 53 20 58 55 16 80 4 68 8 19 | seed: 7967120066424587205 | 1
GendreauDumasExtended/n80w100.004.txt |   sequence | open (improved init) |     710.00 |       0.02 | 60 62 34 22 8 10 29 54 2 48 31 44 51 77 45 13 35 20 12 73 56 33 18 41 16 66 75 61 53 28 11 15 24 3 6 76 1 67 68 39 27 49 50 79 4 40 14 17 21 55 63 52 65 59 74 64 25 70 9 38 42 36 30 37 7 69 32 72 5 58 19 78 47 26 43 57 46 71 80 23 | seed: 6387932914373721970 | 18
GendreauDumasExtended/n80w100.005.txt |   sequence | open (improved init) |     628.00 |       0.01 | 57 45 50 43 36 1 15 25 19 33 30 39 72 11 49 38 76 66 14 69 64 16 20 23 77 74 79 46 59 18 60 44 8 47 52 73 5 42 61 54 27 17 31 21 12 62 24 6 7 48 53 9 32 34 22 78 13 4 67 75 51 3 63 2 58 40 71 28 70 37 68 26 29 55 10 65 41 80 35 56 | seed: -726748784986622194 | 69
GendreauDumasExtended/n80w120.001.txt |   sequence | open (improved init) |     616.00 |       0.01 | 17 29 58 31 34 37 39 53 64 77 19 79 50 9 8 3 33 2 38 6 1 48 74 54 14 15 5 49 7 66 73 55 44 22 30 71 24 56 76 35 60 62 47 25 20 32 21 61 13 18 4 65 52 41 46 16 28 67 57 40 78 43 59 68 23 45 51 12 72 36 27 70 26 11 42 69 10 80 75 63 | seed: -6455526232125947268 | 1
GendreauDumasExtended/n80w120.002.txt |   sequence | open (improved init) |     711.00 |       0.01 | 38 64 30 36 22 61 11 73 31 18 21 16 3 5 13 58 2 53 48 19 9 6 32 1 57 8 44 52 56 23 29 20 43 35 27 74 37 51 24 66 41 49 55 7 40 26 42 4 76 15 45 50 34 63 17 71 79 72 47 25 78 12 33 46 70 39 75 69 59 67 10 54 65 68 14 28 60 62 77 80 | seed: 2682184992102112579 | 55
GendreauDumasExtended/n80w120.003.txt |   sequence | open (improved init) |     714.00 |       0.00 | 46 11 50 8 66 34 44 48 10 41 52 45 3 6 69 13 24 2 61 17 20 75 9 30 25 36 73 77 39 42 43 59 55 58 64 72 74 4 78 49 51 56 53 76 57 28 35 14 31 12 40 70 16 38 19 37 60 71 26 62 1 67 18 15 27 22 79 33 21 23 47 65 7 54 32 29 63 5 68 80 | seed: 98751550429964787 | 17
GendreauDumasExtended/n80w120.004.txt |   sequence | open (improved init) |     664.00 |       0.01 | 70 24 47 74 20 65 14 12 22 8 10 16 72 53 39 9 63 62 5 25 11 29 23 31 42 75 73 56 51 64 67 34 43 45 21 40 44 61 36 3 48 30 17 79 18 37 35 19 38 57 60 15 41 27 49 69 68 77 6 1 66 2 50 76 28 52 58 59 7 26 71 4 54 46 32 78 55 80 33 13 | seed: 3997918395728459839 | 19
GendreauDumasExtended/n80w120.005.txt |   sequence | open (improved init) |     699.00 |       0.01 | 47 70 12 16 4 22 63 9 71 58 66 39 64 5 61 54 27 11 20 6 31 50 42 48 55 59 53 2 37 69 78 18 74 75 62 49 68 34 25 7 15 28 46 73 35 76 41 38 10 65 32 1 45 52 44 57 77 43 36 40 30 67 19 79 3 29 26 17 51 8 21 23 60 13 14 72 56 24 80 33 | seed: -9174072303044159743 | 67
GendreauDumasExtended/n80w140.001.txt |   sequence | open (improved init) |     631.00 |       0.02 | 5 56 38 51 60 17 13 9 33 24 34 6 4 19 50 61 27 53 54 70 45 30 14 69 3 71 72 49 20 66 36 64 25 78 68 8 57 48 29 12 58 41 55 42 35 79 7 16 62 26 21 15 59 52 32 1 44 73 47 75 74 28 10 76 46 31 43 39 18 37 63 65 40 67 2 11 23 77 80 22 | seed: -3671259845400248628 | 6
GendreauDumasExtended/n80w140.002.txt |   sequence | open (improved init) |     656.00 |       0.02 | 41 49 74 52 78 66 43 19 36 3 72 27 61 25 9 17 32 63 71 23 12 20 24 10 26 64 65 62 79 44 35 30 51 8 4 53 14 47 45 48 31 75 50 5 11 18 21 6 29 59 7 22 55 69 56 38 42 60 54 76 33 58 70 73 34 37 57 2 77 15 68 16 40 28 46 39 1 13 80 67 | seed: 2473126736494123108 | 41
GendreauDumasExtended/n80w140.003.txt |   sequence | open (improved init) |     722.00 |       0.01 | 52 19 45 42 57 54 35 10 40 67 28 69 64 79 53 56 71 27 4 12 11 61 44 18 32 24 58 39 73 49 17 38 29 51 72 34 8 7 5 21 76 46 14 55 6 16 62 33 20 31 68 15 23 78 3 43 47 74 22 59 65 41 13 48 63 25 2 9 36 75 1 30 77 66 70 50 26 80 60 37 | seed: 1961912308418182543 | 42
GendreauDumasExtended/n80w140.004.txt |   sequence | open (improved init) |     596.00 |       0.01 | 78 8 5 20 24 40 54 61 29 41 76 64 10 48 72 21 74 6 26 77 59 22 51 33 25 9 56 34 60 32 45 44 43 71 62 16 36 79 46 39 18 2 31 50 37 63 15 30 70 58 55 47 28 14 13 1 42 67 17 66 12 52 3 35 65 49 27 69 73 75 19 23 4 11 38 53 80 57 7 68 | seed: 8934432258539730910 | 86
GendreauDumasExtended/n80w140.005.txt |   sequence | open (improved init) |     777.00 |       0.01 | 11 20 21 24 76 18 74 42 49 15 17 69 33 4 22 34 41 55 62 67 7 61 66 60 71 39 29 32 35 2 13 45 8 63 10 57 14 64 46 31 77 50 26 73 36 5 38 51 12 56 19 65 1 68 3 44 54 70 16 58 52 75 59 40 78 25 72 53 6 79 28 9 43 23 47 27 80 30 37 48 | seed: -4660476976530588746 | 72
GendreauDumasExtended/n80w160.001.txt |   sequence | open (improved init) |     658.00 |       0.03 | 14 40 78 8 41 71 9 18 45 79 64 16 10 7 21 74 51 38 48 34 56 36 42 31 33 24 65 62 29 4 55 63 67 30 76 19 59 5 17 53 47 73 1 69 61 57 44 70 39 52 32 28 58 49 66 25 26 72 22 20 60 54 3 75 43 12 15 11 68 77 37 23 27 46 13 6 2 35 80 50 | seed: 9053306018892567286 | 95
GendreauDumasExtended/n80w160.002.txt |   sequence | open (improved init) |     706.00 |       0.02 | 34 26 51 9 1 60 46 20 37 59 77 44 24 71 12 15 16 5 7 2 25 63 39 79 21 50 18 57 3 70 49 62 61 19 10 23 64 78 38 53 36 67 76 17 30 47 33 8 4 14 43 65 45 6 42 72 48 56 55 32 40 52 35 74 13 54 31 66 58 75 41 29 28 69 22 73 11 80 68 27 | seed: 235479254660895786 | 63
GendreauDumasExtended/n80w160.003.txt |   sequence | open (improved init) |     608.00 |       0.01 | 40 61 52 62 67 48 51 78 34 3 2 43 5 41 22 15 12 79 65 29 37 63 44 58 50 23 24 60 8 73 26 68 75 4 13 25 14 39 72 56 16 35 20 18 49 30 53 31 66 46 59 74 33 71 55 57 70 1 9 6 32 11 42 54 28 47 69 19 7 36 76 27 17 45 38 80 77 64 21 10 | seed: -1222534504944194273 | 99
GendreauDumasExtended/n80w160.004.txt |   sequence | open (improved init) |     686.00 |       0.03 | 31 7 58 32 42 38 10 35 22 5 73 59 30 37 79 34 45 26 17 15 72 56 63 62 24 13 1 65 75 49 70 54 16 77 29 44 71 14 4 27 25 69 76 60 74 19 3 78 66 61 47 48 57 11 53 41 21 9 33 55 43 6 20 68 12 52 28 2 50 8 64 39 36 40 46 80 51 23 67 18 | seed: -6561786103503770954 | 42
GendreauDumasExtended/n80w160.005.txt |   sequence | open (improved init) |     692.00 |       0.01 | 16 64 75 63 20 9 53 8 13 52 43 26 3 72 12 68 46 28 35 70 39 34 14 66 58 22 54 79 42 74 56 19 76 49 37 36 45 69 11 17 25 40 7 2 4 38 29 18 65 47 55 50 1 27 30 48 23 41 5 78 24 59 33 21 71 57 67 61 32 15 51 77 60 44 62 10 6 73 31 80 | seed: 3379601281883688109 | 24
GendreauDumasExtended/n80w180.001.txt |   sequence | open (improved init) |     665.00 |       0.03 | 77 11 31 32 72 18 8 21 66 52 6 27 42 13 58 43 4 3 60 36 55 9 28 76 38 17 46 34 19 40 26 57 44 48 22 7 23 75 65 20 41 12 79 59 37 71 70 54 69 14 30 16 63 25 67 78 5 74 1 50 24 47 10 45 62 61 33 49 2 64 35 68 39 29 73 51 80 53 56 15 | seed: -4060209517882254794 | 40
GendreauDumasExtended/n80w180.002.txt |   sequence | open (improved init) |     695.00 |       0.01 | 43 25 57 56 45 8 36 62 1 19 32 59 30 11 26 58 41 75 49 34 76 29 21 16 28 72 50 46 3 42 7 13 38 55 12 22 9 35 52 17 20 73 68 44 15 48 53 60 6 40 67 78 65 37 79 33 24 31 71 77 4 70 66 14 39 51 18 63 64 5 61 54 47 10 2 80 74 69 23 27 | seed: -6440412915183987761 | 71
GendreauDumasExtended/n80w180.003.txt |   sequence | open (improved init) |     670.00 |       0.06 | 19 57 17 52 18 76 77 58 48 25 70 3 39 13 51 1 71 60 62 65 45 41 55 61 37 40 11 73 42 10 15 34 4 47 8 5 29 54 74 75 36 12 32 22 53 33 16 43 23 46 2 35 63 24 30 66 7 69 56 31 14 9 28 21 67 72 49 68 50 20 64 79 59 27 78 6 38 80 44 26 | seed: -5739148220618344363 | 34
GendreauDumasExtended/n80w180.004.txt |   sequence | open (improved init) |     710.00 |       0.01 | 61 70 71 45 10 12 72 53 3 16 41 19 73 58 37 74 30 79 77 57 60 44 28 8 1 20 15 49 65 32 76 7 52 56 40 36 33 22 2 66 23 24 39 21 31 59 64 51 27 62 18 48 69 63 35 34 78 25 38 4 68 54 47 9 46 67 55 26 42 6 17 14 43 11 13 50 75 5 80 29 | seed: 3670292398364059291 | 43
GendreauDumasExtended/n80w180.005.txt |   sequence | open (improved init) |     636.00 |       0.02 | 16 73 33 79 5 45 72 4 77 44 71 9 55 48 31 63 50 61 21 57 24 26 62 53 76 47 65 68 60 3 13 54 32 52 27 74 56 40 46 43 28 8 58 69 7 14 64 34 37 75 22 49 15 10 2 1 67 29 18 11 12 70 35 30 78 6 20 66 19 39 25 41 36 38 17 23 59 80 42 51 | seed: 4398845823213065407 | 17
GendreauDumasExtended/n80w200.001.txt |   sequence | open (improved init) |     624.00 |       0.03 | 61 31 15 10 2 27 58 5 77 22 54 6 76 23 29 32 67 7 39 4 30 48 37 73 60 74 46 24 47 78 63 21 18 62 75 51 12 11 3 34 14 49 68 42 36 43 1 65 9 55 26 45 71 25 16 72 50 70 28 59 53 35 44 33 79 52 64 41 69 20 57 56 13 8 38 40 19 17 66 80 | seed: 4496649683921016127 | 64
GendreauDumasExtended/n80w200.002.txt |   sequence | open (improved init) |     659.00 |       0.01 | 46 69 7 48 56 44 39 35 32 47 40 50 58 42 3 41 37 34 13 66 77 70 67 31 38 51 25 60 76 18 4 11 2 59 53 49 79 45 8 26 78 14 52 10 57 6 28 74 62 65 30 75 12 5 72 54 43 15 27 22 71 9 33 24 1 16 61 20 63 19 21 64 36 68 73 29 55 17 23 80 | seed: 1094034647761227296 | 25
GendreauDumasExtended/n80w200.003.txt |   sequence | open (improved init) |     650.00 |       0.01 | 59 28 5 51 54 18 47 64 32 42 69 38 9 1 37 52 67 40 74 72 78 61 35 31 50 76 7 25 39 44 60 15 62 27 56 79 21 10 14 17 41 65 33 36 3 24 66 2 71 22 13 45 30 75 23 43 48 46 49 70 57 29 26 34 55 73 80 20 53 11 77 6 12 68 63 8 58 16 4 19 | seed: -4013917211455678248 | 16
GendreauDumasExtended/n80w200.004.txt |   sequence | open (improved init) |     703.00 |       0.04 | 60 22 62 34 8 10 29 54 48 2 13 45 77 75 53 6 28 16 44 41 51 18 33 56 73 12 20 35 31 61 76 1 3 11 15 24 66 42 59 68 67 4 40 39 27 49 52 63 50 55 21 17 14 79 65 64 70 74 78 19 72 5 58 32 69 7 37 30 36 38 9 25 47 71 26 80 46 57 23 43 | seed: -612228942628167637 | 71
GendreauDumasExtended/n80w200.005.txt |   sequence | open (improved init) |     633.00 |       0.01 | 57 50 45 43 15 1 14 36 66 39 30 72 38 76 25 19 49 33 11 69 64 16 20 23 77 18 59 74 79 60 73 5 8 47 52 44 46 42 61 27 21 34 32 4 22 9 48 7 6 31 53 17 12 24 62 54 58 13 51 3 63 2 75 67 78 68 37 40 28 70 10 71 80 41 56 65 55 35 26 29 | seed: 2669736378948207259 | 97
GendreauDumasExtended/n100w100.001.txt |   sequence | open (improved init) |     771.00 |       0.02 | 46 87 11 65 6 35 34 55 17 67 68 50 75 85 16 93 95 29 73 61 56 25 91 79 94 4 27 86 60 3 76 81 31 90 84 38 5 9 19 71 48 42 77 82 53 64 41 59 97 20 89 72 49 44 36 70 45 54 7 57 43 15 28 32 37 80 23 74 18 33 10 99 47 78 69 14 21 52 1 24 92 8 88 62 66 22 12 63 39 26 13 40 2 30 98 83 51 96 58 100 | seed: 2341072496354116520 | 75
GendreauDumasExtended/n100w100.002.txt |   sequence | open (improved init) |     706.00 |       0.03 | 39 58 69 53 1 50 84 13 31 11 57 72 17 86 30 35 44 10 91 87 32 45 27 52 36 28 88 26 16 96 37 82 89 83 63 7 43 93 6 47 25 48 81 33 23 46 21 40 71 95 67 29 62 14 68 55 12 74 54 9 78 99 59 73 75 65 60 79 19 42 20 94 41 97 90 92 61 15 66 49 18 38 77 5 80 22 85 3 2 64 24 51 98 34 56 4 100 70 8 76 | seed: 4099909954007249145 | 13
GendreauDumasExtended/n100w100.003.txt |   sequence | open (improved init) |     774.00 |       0.05 | 27 34 41 62 48 24 87 4 95 33 32 10 8 58 71 31 15 98 77 44 5 37 40 68 94 83 69 14 18 90 1 59 12 21 11 50 96 67 43 86 89 35 26 30 61 79 6 97 45 3 88 60 74 75 63 29 49 76 64 16 20 73 36 65 57 46 72 39 25 22 9 80 13 78 7 54 17 55 99 70 84 51 23 19 92 93 28 53 85 47 81 66 56 2 38 42 52 82 100 91 | seed: -8779987091939451951 | 48
GendreauDumasExtended/n100w100.004.txt |   sequence | open (improved init) |     816.00 |       0.07 | 12 97 78 22 69 15 89 11 27 57 39 3 95 48 71 34 13 94 54 19 92 52 30 91 76 41 7 40 99 25 43 24 62 42 33 47 2 44 90 38 18 65 36 64 4 88 75 59 21 96 74 82 79 67 58 80 73 68 32 70 17 77 60 10 35 66 72 31 29 85 83 37 81 61 56 6 20 51 53 14 49 23 9 98 87 26 86 55 45 46 1 63 28 50 5 8 16 84 100 93 | seed: 6754182901999816619 | 53
GendreauDumasExtended/n100w100.005.txt |   sequence | open (improved init) |     689.00 |       0.02 | 6 56 45 55 30 98 33 21 26 81 2 68 78 86 72 90 66 29 70 28 77 22 60 47 9 61 15 4 89 8 64 19 92 5 57 11 39 85 46 20 31 49 95 37 62 25 12 44 16 52 80 1 96 51 23 74 58 69 53 41 17 14 88 97 10 43 94 24 75 54 67 40 63 83 71 59 50 76 91 42 93 35 18 84 34 87 82 99 65 79 38 13 3 27 36 7 48 73 100 32 | seed: 1395348329346705194 | 86
GendreauDumasExtended/n100w120.001.txt |   sequence | open (improved init) |     832.00 |       0.01 | 92 22 99 95 40 86 67 45 46 65 48 43 33 82 62 5 31 25 64 84 71 42 94 59 68 17 29 4 41 3 78 32 51 11 18 97 98 6 77 96 100 14 60 34 61 23 72 30 91 47 53 63 36 1 9 90 37 93 69 73 74 83 15 12 54 26 10 81 8 7 66 79 19 44 55 88 76 58 56 70 20 24 2 57 52 38 85 28 49 80 87 27 21 75 39 35 13 16 89 50 | seed: 1279307812655210492 | 32
GendreauDumasExtended/n100w120.002.txt |   sequence | open (improved init) |     737.00 |       0.01 | 24 41 37 46 57 79 76 30 84 6 92 91 87 21 70 56 10 65 7 4 52 29 5 60 34 93 75 51 14 55 54 11 17 58 96 22 85 15 69 90 18 71 73 97 35 23 28 74 82 32 63 98 3 13 80 86 61 99 20 39 59 78 8 67 42 88 12 62 95 100 81 36 47 43 53 1 45 66 9 44 68 72 64 49 26 48 77 89 27 40 16 25 50 94 38 19 2 31 83 33 | seed: -4199554694507166535 | 97
GendreauDumasExtended/n100w120.003.txt |   sequence | open (improved init) |     762.00 |       0.01 | 82 28 40 64 78 7 30 97 34 68 38 32 94 29 27 93 36 11 85 9 81 83 19 98 65 53 31 44 26 51 84 54 46 89 24 100 70 33 69 3 52 59 79 86 17 5 76 63 39 22 42 18 50 37 99 73 4 57 14 91 55 61 10 2 96 75 62 43 90 41 58 87 8 23 74 1 60 92 21 15 20 25 67 45 56 48 88 6 13 72 66 80 12 95 71 47 16 77 49 35 | seed: 6479473395487888083 | 32
GendreauDumasExtended/n100w120.004.txt |   sequence | open (improved init) |     868.00 |       0.02 | 19 2 48 71 55 14 22 25 93 6 49 37 99 59 78 86 83 45 60 97 63 24 100 23 10 3 85 94 42 80 32 12 11 62 52 29 92 53 18 87 91 31 58 27 47 79 20 57 88 51 66 1 61 96 44 82 8 75 81 67 70 90 76 16 38 89 30 56 46 64 41 28 40 69 34 15 36 7 68 4 43 33 72 73 26 50 9 13 35 84 95 17 65 77 39 5 74 54 21 98 | seed: 4012194365958350926 | 16
GendreauDumasExtended/n100w120.005.txt |   sequence | open (improved init) |     716.00 |       0.01 | 11 31 64 15 61 87 4 34 53 28 74 89 5 62 72 27 65 100 83 18 7 47 23 10 29 73 55 2 98 12 33 24 26 81 38 76 97 75 86 25 30 17 60 67 80 43 96 58 39 59 44 90 36 45 52 82 56 66 68 22 63 54 99 71 91 16 95 20 70 19 40 8 21 14 46 41 1 9 6 85 78 48 57 50 49 13 84 69 77 79 93 94 92 51 42 88 35 3 37 32 | seed: -180736897124513925 | 6
GendreauDumasExtended/n100w140.001.txt |   sequence | open (improved init) |     863.00 |       0.02 | 40 30 35 48 46 86 61 41 28 8 12 19 72 80 55 15 20 33 5 66 37 9 93 27 50 2 63 1 23 36 13 71 96 57 82 25 77 21 38 32 64 87 54 73 49 29 92 16 22 10 69 91 34 45 60 6 68 44 81 67 97 88 65 83 99 17 58 26 56 84 24 39 74 62 100 79 47 95 43 52 14 85 31 7 90 76 42 70 59 78 98 18 11 51 75 94 4 3 89 53 | seed: -6913047669007933694 | 1
GendreauDumasExtended/n100w140.002.txt |   sequence | open (improved init) |     854.00 |       0.01 | 9 39 64 48 22 70 97 32 8 40 23 17 58 37 41 94 59 57 5 27 90 71 38 67 3 46 52 31 6 36 60 53 74 88 98 73 30 91 19 85 75 11 10 69 54 49 43 13 33 2 34 86 80 92 7 72 12 20 61 79 55 81 62 35 82 76 87 78 1 26 65 66 100 21 18 83 96 63 77 84 93 51 24 15 25 95 28 68 56 14 89 47 44 42 50 16 45 99 4 29 | seed: -8398067694139567314 | 3
GendreauDumasExtended/n100w140.003.txt |   sequence | open (improved init) |     729.00 |       0.01 | 86 4 43 13 70 87 94 15 51 61 88 35 53 80 71 38 75 63 17 33 22 6 85 74 28 92 29 20 96 5 46 58 30 79 2 25 59 41 95 23 83 21 48 34 18 81 45 97 37 1 68 69 42 76 57 32 77 19 55 24 93 52 11 50 44 84 36 31 73 26 60 100 16 8 98 12 49 72 64 7 54 89 90 67 9 91 56 3 10 62 14 82 66 47 99 78 65 40 39 27 | seed: 8429927580666177562 | 68
GendreauDumasExtended/n100w140.004.txt |   sequence | open (improved init) |     742.00 |       0.02 | 19 35 60 86 47 72 10 76 45 83 93 65 67 84 8 100 38 56 37 52 53 14 49 55 48 90 29 54 41 85 71 91 78 77 46 11 95 25 74 70 24 3 96 26 97 43 9 58 27 57 61 63 73 30 13 59 44 6 50 92 31 28 5 79 7 39 1 64 75 20 88 21 16 87 12 40 81 33 69 51 18 66 22 23 15 42 17 32 80 4 94 36 68 62 82 34 98 89 99 2 | seed: -7162977437127230822 | 51
GendreauDumasExtended/n100w140.005.txt |   sequence | open (improved init) |     738.00 |       0.02 | 70 27 77 25 11 83 55 98 12 97 24 87 1 59 4 40 58 22 85 64 15 5 2 52 28 100 6 21 34 19 20 44 10 46 48 89 13 75 51 3 33 73 94 49 14 41 78 92 95 8 72 7 80 90 26 69 47 86 36 71 32 53 17 84 37 39 35 82 29 61 54 74 43 9 66 31 88 65 79 57 81 42 30 60 99 96 62 23 91 38 16 68 93 76 56 18 63 50 45 67 | seed: -4839372572014083762 | 32
GendreauDumasExtended/n100w160.001.txt |   sequence | open (improved init) |     774.00 |       0.03 | 56 36 82 10 6 28 31 69 39 79 67 16 49 80 68 43 55 81 90 42 21 4 15 85 83 19 33 8 17 45 72 61 75 12 89 64 20 46 1 57 98 50 77 48 29 14 94 91 88 11 25 59 2 13 24 97 26 71 96 44 7 100 99 30 18 38 66 52 87 73 34 54 40 5 78 32 53 92 47 22 74 70 51 65 58 93 86 76 95 3 37 84 23 41 63 27 35 9 62 60 | seed: 884341556584170183 | 34
GendreauDumasExtended/n100w160.002.txt |   sequence | open (improved init) |     761.00 |       0.02 | 35 92 89 63 73 56 42 38 81 21 12 61 97 4 19 99 86 41 11 48 44 51 16 77 26 50 88 71 95 22 24 85 3 66 34 27 39 74 17 30 2 87 96 70 69 67 59 93 31 100 68 25 80 72 10 62 1 60 8 84 6 82 37 52 58 29 98 18 76 83 53 57 32 54 75 7 94 78 5 49 13 90 33 9 43 14 36 46 55 47 65 91 40 45 64 15 79 28 23 20 | seed: -393102810687791229 | 96
GendreauDumasExtended/n100w160.003.txt |   sequence | open (improved init) |     824.00 |       0.02 | 90 86 10 19 30 36 38 67 49 88 94 96 27 24 74 21 63 65 31 37 40 44 83 72 59 73 66 46 45 71 16 17 2 78 81 48 34 57 55 4 29 61 87 99 25 47 85 50 22 75 33 53 18 13 82 52 97 6 42 56 12 64 3 26 32 14 80 92 28 5 76 69 54 41 8 70 15 9 35 60 58 11 68 95 23 79 51 98 100 93 84 39 20 7 62 91 1 89 77 43 | seed: -1797757108603556549 | 30
GendreauDumasExtended/n100w160.004.txt |   sequence | open (improved init) |     826.00 |       0.03 | 39 3 4 44 92 87 83 12 62 59 42 77 26 55 98 11 46 76 75 84 7 38 81 35 8 66 32 41 43 48 21 70 37 72 18 36 45 34 73 74 49 16 64 79 100 28 15 47 67 23 86 95 94 54 56 6 17 68 65 89 25 71 69 29 97 13 96 14 50 78 93 60 9 63 57 33 52 53 27 99 58 2 85 40 91 61 24 1 30 19 5 90 88 51 10 20 22 82 31 80 | seed: 7694086080863656885 | 15
GendreauDumasExtended/n100w160.005.txt |   sequence | open (improved init) |     873.00 |       0.02 | 21 87 29 1 49 14 54 22 77 82 8 13 86 19 34 11 26 63 81 71 84 51 23 41 83 32 72 85 56 62 65 80 99 37 38 17 57 25 100 6 76 43 78 45 69 9 98 42 47 36 53 74 67 75 3 40 52 48 35 92 30 33 70 27 61 15 97 93 55 10 2 24 46 91 90 20 73 79 66 58 7 64 60 39 94 12 16 50 95 18 89 31 59 5 68 4 28 44 96 88 | seed: 8548143746141193864 | 45
GendreauDumasExtended/n100w80.001.txt |   sequence | open (improved init) |     749.00 |       0.02 | 46 87 11 65 6 35 34 67 17 55 68 93 16 85 75 29 50 95 27 4 94 73 86 79 25 91 61 56 60 3 76 81 31 9 48 19 71 84 90 38 5 42 77 82 20 64 53 59 41 97 89 49 72 44 54 45 70 36 7 57 43 15 28 33 23 74 47 78 69 14 10 37 80 99 18 32 21 52 1 24 92 8 66 88 62 26 39 63 12 22 13 40 2 30 98 51 83 96 58 100 | seed: 7427071788224515339 | 50
GendreauDumasExtended/n100w80.002.txt |   sequence | open (improved init) |     721.00 |       0.04 | 39 58 69 53 84 50 1 13 31 11 57 72 17 86 30 44 35 10 91 82 89 27 32 63 45 87 52 36 28 88 26 37 96 16 83 7 43 93 6 47 23 48 25 33 81 46 21 40 71 95 67 62 29 14 68 54 74 12 59 73 99 55 9 94 78 19 60 65 75 79 42 20 41 97 90 92 22 61 15 66 49 18 80 38 77 5 85 34 3 51 98 64 24 2 56 70 100 4 76 8 | seed: 5631796642031524964 | 36
GendreauDumasExtended/n100w80.003.txt |   sequence | open (improved init) |     803.00 |       0.02 | 34 41 62 8 10 33 95 32 4 87 24 48 71 31 58 27 15 98 77 44 40 83 68 94 5 18 90 1 69 14 37 59 12 11 50 21 96 67 35 89 86 26 43 30 79 6 97 88 63 3 45 61 60 75 29 49 76 64 74 16 20 73 57 65 36 9 80 46 72 78 13 22 25 39 17 7 70 99 55 54 84 23 51 19 92 93 28 53 85 47 81 56 66 2 38 42 52 82 100 91 | seed: 7271721390218388337 | 48
GendreauDumasExtended/n100w80.004.txt |   sequence | open (improved init) |     801.00 |       0.03 | 22 69 27 89 15 11 78 97 12 57 48 95 39 34 3 13 71 19 52 54 94 76 99 92 30 91 7 40 41 25 38 43 24 62 42 33 47 2 44 90 18 65 36 64 79 75 88 4 59 82 74 21 96 60 17 10 32 70 73 68 80 58 67 31 81 77 35 72 66 29 85 83 37 14 20 6 56 51 53 49 23 61 9 98 87 86 50 26 45 46 1 55 63 28 5 8 84 16 93 100 | seed: 6672916045958313043 | 11
GendreauDumasExtended/n100w80.005.txt |   sequence | open (improved init) |     683.00 |       0.02 | 6 56 68 78 26 81 2 45 86 55 72 90 21 30 98 33 66 28 77 22 29 70 47 9 57 89 4 60 8 15 61 64 92 19 5 11 39 85 46 20 31 49 44 12 25 62 95 37 16 52 80 96 1 51 23 17 41 88 94 43 10 97 69 58 74 53 14 24 75 54 40 67 63 83 71 91 42 35 84 18 34 87 82 93 50 76 65 99 59 79 13 3 38 27 48 7 36 100 73 32 | seed: -1646822771345333242 | 1
