Dumas/n20w100.001.txt |   sequence |       open | 2147483.65 |       0.00 | 9 11 2 8 5 15 14 10 6 1 16 4 18 3 17 7 12 20 19 0 | seed: -1141312398948779214 | 0
Dumas/n20w100.002.txt |   sequence |       open | 2147483.65 |       0.00 | 11 15 1 10 8 12 17 5 19 4 14 13 7 9 3 6 18 20 0 0 | seed: -4878954911325568725 | 0
Dumas/n20w100.003.txt |   sequence |       open |     335.00 |       0.00 | 4 18 16 10 2 8 19 5 17 14 11 6 15 3 12 7 9 20 13 1 | seed: 7513288832041361981 | 0
Dumas/n20w100.004.txt |   sequence |       open |     413.00 |       0.00 | 13 6 18 17 10 14 19 1 12 2 11 16 4 3 8 15 7 5 20 9 | seed: 3719458133230657388 | 0
Dumas/n20w100.005.txt |   sequence |       open |     336.00 |       0.00 | 11 13 5 18 10 1 2 8 19 9 12 14 15 6 17 20 3 16 4 7 | seed: -5078193966609429913 | 0
Dumas/n20w20.001.txt |   sequence |       open |     380.00 |       0.00 | 16 9 19 17 10 18 5 15 1 11 12 6 13 7 2 4 8 20 3 14 | seed: -2808131053705316951 | 0
Dumas/n20w20.002.txt |   sequence |       open |     286.00 |       0.00 | 1 14 18 4 8 7 5 15 11 16 19 17 10 12 3 6 2 20 9 13 | seed: -6626100922905720355 | 0
Dumas/n20w20.003.txt |   sequence |       open | 2147483.65 |       0.00 | 5 19 13 1 8 16 4 3 9 15 14 17 11 2 10 18 20 6 12 0 | seed: 590099695365764460 | 0
Dumas/n20w20.004.txt |   sequence |       open | 2147483.65 |       0.00 | 3 11 2 19 7 15 9 5 6 10 14 4 12 16 18 13 20 17 1 0 | seed: 314762448795010397 | 0
Dumas/n20w20.005.txt |   sequence |       open | 2147483.65 |       0.00 | 11 19 7 16 13 8 3 10 4 5 2 15 9 14 6 20 1 12 0 0 | seed: 3325375521672129679 | 0
Dumas/n20w40.001.txt |   sequence |       open | 2147483.65 |       0.00 | 5 6 13 17 11 8 7 4 1 12 2 15 18 9 16 3 14 20 10 0 | seed: 4750452391485177882 | 0
Dumas/n20w40.002.txt |   sequence |       open |     361.00 |       0.00 | 10 15 4 16 17 6 18 14 13 7 1 5 19 8 11 2 9 12 20 3 | seed: -3857977090827702452 | 0
Dumas/n20w40.003.txt |   sequence |       open |     351.00 |       0.01 | 9 11 14 7 17 3 10 13 15 8 6 4 12 16 1 19 20 5 2 18 | seed: -8340240533089558839 | 0
Dumas/n20w40.004.txt |   sequence |       open |     401.00 |       0.01 | 13 5 1 18 17 7 4 10 11 15 19 12 3 8 6 16 2 14 20 9 | seed: -2603876889339062387 | 0
Dumas/n20w40.005.txt |   sequence |       open |     295.00 |       0.01 | 15 19 6 7 16 8 2 13 9 17 18 12 5 1 14 3 11 20 4 10 | seed: -3451843556354944051 | 0
Dumas/n20w60.001.txt |   sequence |       open | 2147483.65 |       0.00 | 19 10 11 3 6 7 1 13 5 16 14 15 12 2 9 8 20 17 18 0 | seed: 7853289621302093768 | 0
Dumas/n20w60.002.txt |   sequence |       open | 2147483.65 |       0.00 | 19 4 18 12 15 7 8 10 17 5 9 6 14 11 16 20 13 2 0 0 | seed: -6336363096671365416 | 0
Dumas/n20w60.003.txt |   sequence |       open |     387.00 |       0.00 | 10 11 7 15 17 5 9 8 13 4 2 3 18 12 1 16 19 14 6 20 | seed: 1211749358584896148 | 0
Dumas/n20w60.004.txt |   sequence |       open |     288.00 |       0.00 | 3 19 7 11 12 17 1 5 9 10 16 8 6 14 13 18 2 15 20 4 | seed: 5854067876081493352 | 0
Dumas/n20w60.005.txt |   sequence |       open |     371.00 |       0.00 | 13 1 16 8 3 4 14 15 10 17 12 5 7 18 9 6 19 20 11 2 | seed: 5486589549549139514 | 0
Dumas/n20w80.001.txt |   sequence |       open | 2147483.65 |       0.01 | 3 19 13 5 18 12 14 11 15 17 10 7 6 4 8 16 2 20 9 0 | seed: -5305869357890059868 | 0
Dumas/n20w80.002.txt |   sequence |       open | 2147483.65 |       0.00 | 16 1 3 6 9 18 15 10 14 4 19 7 8 2 20 0 0 0 0 0 | seed: 9147376889000247615 | 0
Dumas/n20w80.003.txt |   sequence |       open | 2147483.65 |       0.00 | 3 15 9 16 19 10 14 11 4 12 7 18 2 6 5 1 8 17 0 0 | seed: -4553067289202644611 | 0
Dumas/n20w80.004.txt |   sequence |       open | 2147483.65 |       0.00 | 17 10 18 3 7 11 8 2 4 1 13 9 6 16 5 15 20 12 0 0 | seed: -4551653230913679611 | 0
Dumas/n20w80.005.txt |   sequence |       open | 2147483.65 |       0.00 | 3 6 13 9 10 19 16 8 1 5 14 7 4 15 2 11 18 20 17 0 | seed: -2353425539559968661 | 0
Dumas/n40w100.001.txt |   sequence |       open |     474.00 |       0.01 | 27 34 5 16 26 1 18 20 32 13 14 19 21 31 33 2 8 22 9 11 37 36 3 25 15 30 4 12 35 39 24 29 6 23 17 38 10 40 7 28 | seed: -5521192533800204736 | 0
Dumas/n40w100.002.txt |   sequence |       open | 2147483.65 |       0.01 | 4 8 36 26 22 24 39 12 15 34 33 3 10 25 7 19 23 30 32 37 9 1 2 29 28 21 16 14 18 6 27 38 17 5 35 31 40 13 20 0 | seed: 2453730841851212418 | 0
Dumas/n40w100.003.txt |   sequence |       open | 2147483.65 |       0.01 | 22 26 16 17 34 25 23 8 35 24 30 39 29 14 21 1 38 27 10 20 11 6 9 33 40 36 5 19 32 0 0 0 0 0 0 0 0 0 0 0 | seed: -7599233553639298645 | 0
Dumas/n40w100.004.txt |   sequence |       open | 2147483.65 |       0.01 | 2 3 18 28 1 26 19 24 15 29 11 37 39 20 27 22 5 21 7 33 23 38 32 34 13 14 12 9 8 40 36 25 35 30 31 4 0 0 0 0 | seed: -4762451770225777317 | 0
Dumas/n40w100.005.txt |   sequence |       open | 2147483.65 |       0.01 | 1 29 12 20 4 24 25 28 34 6 26 33 21 14 2 39 27 31 22 8 35 5 19 11 17 40 38 9 0 0 0 0 0 0 0 0 0 0 0 0 | seed: -2107419445183725779 | 0
Dumas/n40w20.001.txt |   sequence |       open | 2147483.65 |       0.01 | 7 13 6 15 37 12 39 2 35 25 4 23 32 8 3 38 1 18 33 14 5 36 10 31 22 21 19 11 26 29 27 34 28 24 20 17 40 30 0 0 | seed: 8847167676710983945 | 0
Dumas/n40w20.002.txt |   sequence |       open | 2147483.65 |       0.01 | 10 9 32 18 27 8 37 28 24 34 25 23 26 12 7 6 29 20 38 39 22 5 33 3 31 2 15 19 14 36 1 4 13 40 35 21 0 0 0 0 | seed: 7281329536408676649 | 0
Dumas/n40w20.003.txt |   sequence |       open |     505.00 |       0.01 | 12 33 6 1 24 13 35 2 38 37 16 10 5 26 14 3 23 21 17 25 8 11 27 31 22 32 9 29 15 34 19 20 28 7 39 36 4 40 30 18 | seed: -3529101698832504375 | 0
Dumas/n40w20.004.txt |   sequence |       open | 2147483.65 |       0.01 | 7 37 11 36 5 20 35 22 39 28 24 19 17 33 12 1 16 2 38 31 14 30 3 27 15 21 29 13 34 10 6 18 9 40 4 23 0 0 0 0 | seed: -9144509959106327025 | 0
Dumas/n40w20.005.txt |   sequence |       open |     503.00 |       0.01 | 28 5 38 21 24 12 26 34 32 2 27 13 11 3 14 29 17 18 6 4 19 16 8 37 33 36 20 22 9 25 23 7 1 39 30 15 31 40 10 35 | seed: 8021363590817439128 | 0
Dumas/n40w40.001.txt |   sequence |       open | 2147483.65 |       0.01 | 10 2 32 20 19 27 23 21 14 13 34 31 28 9 29 30 6 1 16 17 15 26 24 11 4 5 38 22 36 8 25 3 18 37 7 40 39 12 0 0 | seed: -2557525646864053432 | 0
Dumas/n40w40.002.txt |   sequence |       open | 2147483.65 |       0.01 | 35 5 11 22 7 15 34 19 36 1 12 32 18 26 25 39 14 27 13 17 29 30 16 2 23 24 31 4 28 21 6 8 38 9 37 40 20 0 0 0 | seed: -6845385618964055416 | 0
Dumas/n40w40.003.txt |   sequence |       open | 2147483.65 |       0.01 | 16 17 10 35 31 9 34 11 38 23 27 24 2 6 32 4 5 29 14 25 12 36 19 3 26 20 8 37 21 39 13 33 28 40 18 15 0 0 0 0 | seed: -5417951414634881395 | 0
Dumas/n40w40.004.txt |   sequence |       open | 2147483.65 |       0.01 | 14 17 12 3 38 33 8 23 26 25 24 21 28 7 39 34 6 19 11 35 22 29 20 10 16 36 37 5 27 30 18 31 2 40 4 0 0 0 0 0 | seed: -3693103421488148964 | 0
Dumas/n40w40.005.txt |   sequence |       open | 2147483.65 |       0.01 | 24 11 29 21 26 7 32 6 36 4 23 33 15 2 13 37 35 20 5 34 16 28 38 8 17 31 10 39 27 18 3 19 14 30 22 40 9 12 0 0 | seed: -8795043053896895763 | 0
Dumas/n40w60.001.txt |   sequence |       open | 2147483.65 |       0.02 | 15 16 8 6 36 17 4 7 33 10 32 1 27 9 22 21 18 25 31 12 13 3 23 26 5 35 14 30 29 34 28 38 39 2 20 37 40 11 24 0 | seed: -2218227785970215774 | 0
Dumas/n40w60.002.txt |   sequence |       open | 2147483.65 |       0.01 | 38 34 28 3 20 30 8 6 14 18 24 10 1 35 27 15 26 13 17 5 33 2 25 29 23 37 16 11 4 40 31 36 7 39 0 0 0 0 0 0 | seed: -4313308579708049867 | 0
Dumas/n40w60.003.txt |   sequence |       open |     425.00 |       0.01 | 18 6 12 36 10 8 35 27 34 28 19 26 17 16 4 22 25 23 33 39 1 24 30 38 14 37 9 32 31 20 15 7 2 13 5 29 3 21 11 40 | seed: 4162487484757440567 | 0
Dumas/n40w60.004.txt |   sequence |       open | 2147483.65 |       0.02 | 13 3 15 28 4 14 26 19 33 9 29 30 18 37 31 6 24 32 38 36 11 8 10 23 5 39 21 34 16 20 35 2 27 25 12 1 22 17 40 0 | seed: 3851331936596336927 | 0
Dumas/n40w60.005.txt |   sequence |       open | 2147483.65 |       0.01 | 18 20 25 4 37 17 1 36 24 15 28 11 23 3 27 6 5 9 29 14 7 39 33 31 30 13 21 8 22 26 16 10 19 38 35 40 32 12 34 0 | seed: -417609856168633139 | 0
Dumas/n40w80.001.txt |   sequence |       open |     477.00 |       0.01 | 17 33 8 39 11 28 21 38 18 9 36 37 14 24 13 34 31 35 2 16 23 20 32 25 5 12 7 30 6 1 10 26 4 3 15 22 27 29 40 19 | seed: -8406042497816309508 | 0
Dumas/n40w80.002.txt |   sequence |       open |     475.00 |       0.01 | 30 1 24 6 37 10 15 11 14 13 26 27 4 23 17 18 35 8 19 21 39 16 12 3 2 7 25 38 32 33 20 22 34 36 28 9 29 5 40 31 | seed: -2964849050248228678 | 0
Dumas/n40w80.003.txt |   sequence |       open | 2147483.65 |       0.01 | 31 18 34 14 16 24 32 10 21 15 38 8 35 5 27 6 22 20 26 13 7 37 4 25 29 33 1 2 28 12 3 23 17 30 9 11 36 40 39 0 | seed: -3794682211507906827 | 0
Dumas/n40w80.004.txt |   sequence |       open | 2147483.65 |       0.01 | 36 15 25 2 20 10 30 24 27 4 39 26 8 3 33 38 19 9 37 31 34 28 14 11 5 22 12 29 23 16 21 13 7 32 6 35 40 17 18 0 | seed: -7435558741371470737 | 0
Dumas/n40w80.005.txt |   sequence |       open | 2147483.65 |       0.01 | 29 6 14 25 22 32 30 9 37 8 7 2 12 28 18 27 4 21 3 20 1 23 26 38 19 13 33 17 15 24 5 10 39 35 40 11 31 36 0 0 | seed: 1770196933878848899 | 0
Dumas/n60w100.001.txt |   sequence |       open | 2147483.65 |       0.02 | 17 43 5 12 56 6 57 1 19 51 36 47 37 39 18 20 30 23 48 45 34 58 15 44 40 28 54 41 8 16 7 31 24 42 22 13 2 52 32 55 14 33 25 27 4 59 10 35 21 11 3 9 60 53 49 0 0 0 0 0 | seed: 6387620299326799119 | 0
Dumas/n60w100.002.txt |   sequence |       open | 2147483.65 |       0.03 | 33 30 28 5 44 18 8 14 19 21 10 56 55 3 31 39 6 25 27 22 29 34 43 48 23 2 12 41 53 9 52 46 7 13 36 51 35 37 11 59 49 50 26 32 16 1 38 20 58 17 57 60 4 0 0 0 0 0 0 0 | seed: 380553352527367953 | 0
Dumas/n60w100.003.txt |   sequence |       open | 2147483.65 |       0.02 | 1 24 32 3 6 40 30 8 16 21 22 50 14 35 44 54 36 17 59 5 28 19 41 45 46 43 58 39 38 15 56 13 20 12 48 47 7 2 31 4 27 10 25 23 53 34 60 37 0 0 0 0 0 0 0 0 0 0 0 0 | seed: -3702673877152298702 | 0
Dumas/n60w100.004.txt |   sequence |       open | 2147483.65 |       0.02 | 10 18 7 24 47 30 11 31 49 19 27 42 28 36 46 25 43 26 38 4 57 8 59 56 20 48 9 53 40 32 44 45 15 6 2 29 55 51 3 37 21 13 33 34 14 41 12 58 1 35 22 50 52 5 23 60 17 39 0 0 | seed: -2195905840414642685 | 0
Dumas/n60w100.005.txt |   sequence |       open | 2147483.65 |       0.03 | 23 46 4 24 31 36 55 54 32 37 9 1 8 38 26 10 41 34 5 7 44 50 18 20 16 49 48 57 21 6 27 2 12 13 47 29 14 45 59 40 3 30 42 17 43 33 22 52 11 39 60 0 0 0 0 0 0 0 0 0 | seed: -2118388699298220176 | 0
Dumas/n60w20.001.txt |   sequence |       open | 2147483.65 |       0.01 | 48 38 6 12 9 56 34 17 42 58 59 22 32 7 25 13 4 52 5 50 44 30 18 46 47 31 16 23 21 2 28 41 10 11 29 27 39 43 45 26 35 8 57 3 33 54 1 24 49 37 20 36 55 14 40 60 53 0 0 0 | seed: -3591768164096519221 | 0
Dumas/n60w20.002.txt |   sequence |       open | 2147483.65 |       0.03 | 54 26 36 15 59 2 38 50 27 32 25 56 39 24 31 46 29 20 7 57 55 34 22 10 9 5 51 33 41 30 42 53 58 13 43 1 44 48 14 49 21 12 40 23 19 47 35 18 16 3 6 37 60 52 0 0 0 0 0 0 | seed: -1860203553085334624 | 0
Dumas/n60w20.003.txt |   sequence |       open | 2147483.65 |       0.02 | 18 56 31 12 14 1 34 19 22 29 37 33 45 20 49 15 48 52 38 13 7 5 46 44 26 8 11 17 25 41 16 35 43 23 24 47 9 3 55 51 27 42 6 50 39 21 30 54 32 28 57 36 10 58 2 60 4 53 0 0 | seed: -3906888131346172280 | 0
Dumas/n60w20.004.txt |   sequence |       open | 2147483.65 |       0.01 | 8 13 25 56 48 10 43 33 12 27 58 35 29 11 38 3 30 41 4 54 23 2 50 44 34 22 55 21 18 6 1 14 5 42 46 7 15 47 17 20 40 24 19 28 31 39 26 45 52 37 53 32 59 36 16 60 51 57 0 0 | seed: -5455189539872549624 | 0
Dumas/n60w20.005.txt |   sequence |       open | 2147483.65 |       0.01 | 8 11 13 35 18 26 42 51 12 50 33 29 3 34 7 47 44 55 20 28 16 37 45 19 58 2 49 25 21 32 48 46 22 53 1 56 57 39 36 27 54 31 43 38 40 59 30 14 9 5 24 60 15 41 4 0 0 0 0 0 | seed: 6571086734451680860 | 0
Dumas/n60w40.001.txt |   sequence |       open | 2147483.65 |       0.02 | 3 40 33 32 18 7 55 29 17 11 44 6 58 21 28 8 56 24 19 15 39 12 4 25 14 52 2 42 16 43 27 54 47 57 59 36 45 31 35 46 50 20 49 48 53 34 5 26 37 38 10 51 23 22 13 60 1 0 0 0 | seed: 8897308697404710129 | 0
Dumas/n60w40.002.txt |   sequence |       open | 2147483.65 |       0.01 | 30 10 31 21 19 15 41 16 12 18 55 42 35 58 2 17 36 32 34 29 25 46 56 4 45 7 8 20 28 51 27 23 13 38 53 50 43 14 57 59 24 49 22 48 33 40 54 1 26 52 11 60 5 0 0 0 0 0 0 0 | seed: 2839330159610631398 | 0
Dumas/n60w40.003.txt |   sequence |       open | 2147483.65 |       0.01 | 18 43 15 32 40 28 52 45 49 55 6 58 2 19 41 29 9 54 38 34 42 26 37 51 35 36 30 8 44 47 56 24 17 11 50 57 39 14 20 53 21 31 3 16 13 4 59 22 10 46 48 60 23 0 0 0 0 0 0 0 | seed: -3320278177637154163 | 0
Dumas/n60w40.004.txt |   sequence |       open | 2147483.65 |       0.02 | 3 10 55 50 8 13 24 12 26 38 29 53 41 22 39 21 57 59 5 4 15 37 54 19 14 51 30 20 44 48 2 11 17 7 18 42 46 33 1 47 25 34 36 40 16 52 58 28 45 60 56 6 0 0 0 0 0 0 0 0 | seed: 7184978939041327795 | 0
Dumas/n60w40.005.txt |   sequence |       open | 2147483.65 |       0.02 | 31 49 12 17 33 20 38 55 24 46 9 2 51 5 59 28 41 45 34 1 7 3 13 19 36 39 16 50 6 21 43 14 25 40 48 57 26 37 8 54 23 53 58 52 44 15 42 22 18 47 32 60 27 56 0 0 0 0 0 0 | seed: -357522907704040835 | 0
Dumas/n60w60.001.txt |   sequence |       open | 2147483.65 |       0.02 | 49 26 39 8 16 7 46 34 52 2 19 20 33 14 25 12 30 38 29 45 27 37 28 47 42 32 1 40 18 22 4 11 35 17 51 21 48 44 9 31 24 5 43 54 58 36 15 50 3 10 59 57 41 55 23 60 13 6 0 0 | seed: -6989663154704727810 | 0
Dumas/n60w60.002.txt |   sequence |       open | 2147483.65 |       0.02 | 48 9 13 44 19 32 41 56 55 52 59 5 1 20 47 24 26 8 45 14 54 49 3 36 23 18 58 40 51 25 42 15 34 16 12 37 11 22 50 57 7 33 2 53 10 30 31 38 46 17 4 21 35 6 43 60 27 29 28 0 | seed: 491976592715533037 | 0
Dumas/n60w60.003.txt |   sequence |       open | 2147483.65 |       0.03 | 52 60 43 3 7 21 31 24 14 23 28 25 9 57 36 55 32 2 20 50 46 27 22 30 42 39 29 4 34 6 13 35 5 58 26 40 16 8 41 18 15 11 54 44 33 48 59 1 10 0 0 0 0 0 0 0 0 0 0 0 | seed: 3728800456724076073 | 0
Dumas/n60w60.004.txt |   sequence |       open | 2147483.65 |       0.02 | 49 34 45 41 23 27 2 31 12 6 36 14 11 37 54 5 19 50 1 26 4 33 24 32 18 56 53 58 42 52 43 3 46 22 29 21 17 25 47 51 48 7 10 39 57 30 60 35 38 59 28 0 0 0 0 0 0 0 0 0 | seed: -2402841260165163353 | 0
Dumas/n60w60.005.txt |   sequence |       open | 2147483.65 |       0.01 | 7 26 10 12 45 29 2 24 57 38 50 6 39 18 27 53 3 20 23 46 37 22 56 36 8 31 11 5 41 32 15 13 9 40 54 33 14 52 58 43 49 44 21 47 30 1 19 59 4 51 28 55 60 16 42 0 0 0 0 0 | seed: -4450850271104451544 | 0
Dumas/n60w80.001.txt |   sequence |       open | 2147483.65 |       0.02 | 19 12 4 5 51 8 41 55 58 22 18 23 9 21 3 7 56 24 29 54 26 17 33 10 44 45 57 2 38 42 6 53 49 47 40 16 34 37 28 50 32 31 52 1 30 11 36 13 25 15 43 27 48 39 60 14 0 0 0 0 | seed: -8544704754902693314 | 0
Dumas/n60w80.002.txt |   sequence |       open | 2147483.65 |       0.02 | 38 6 15 43 19 51 59 31 34 48 33 14 16 8 58 36 28 13 29 55 40 23 7 32 47 53 4 17 56 22 10 3 44 11 26 50 52 21 5 1 45 30 12 27 25 2 37 35 24 20 46 57 41 39 60 9 49 0 0 0 | seed: -5079425285646705869 | 0
Dumas/n60w80.003.txt |   sequence |       open | 2147483.65 |       0.02 | 41 46 52 19 14 7 30 40 47 32 58 10 8 27 43 17 25 50 2 22 5 37 56 13 35 23 11 44 3 4 55 12 34 1 18 49 20 29 26 57 21 54 48 28 31 45 9 39 6 36 42 53 60 16 15 0 0 0 0 0 | seed: 8831115830667979389 | 0
Dumas/n60w80.004.txt |   sequence |       open | 2147483.65 |       0.02 | 12 42 28 32 20 15 30 1 59 35 54 27 17 50 6 13 24 53 14 11 37 19 55 49 41 58 26 9 43 22 7 45 5 40 34 48 38 3 31 52 18 33 2 16 4 21 23 8 25 57 46 29 60 10 0 0 0 0 0 0 | seed: 3415046460019232884 | 0
Dumas/n60w80.005.txt |   sequence |       open | 2147483.65 |       0.02 | 20 17 14 36 53 5 59 9 50 18 52 22 4 16 56 33 1 15 28 12 6 48 55 38 43 31 40 11 3 19 34 8 41 35 32 27 49 2 45 46 39 58 7 26 23 60 0 0 0 0 0 0 0 0 0 0 0 0 0 0 | seed: 7255825133052761667 | 0
Dumas/n80w20.001.txt |   sequence |       open | 2147483.65 |       0.03 | 17 37 29 58 39 53 31 77 64 19 79 50 38 2 9 33 6 48 8 3 74 66 14 54 5 7 73 56 22 30 76 24 25 35 20 47 62 60 32 21 61 13 18 4 65 52 41 46 16 28 67 68 59 43 23 40 57 72 78 36 12 45 51 70 27 26 42 11 10 69 75 80 63 0 0 0 0 0 0 0 | seed: -7753779313194841142 | 0
Dumas/n80w20.002.txt |   sequence |       open | 2147483.65 |       0.05 | 38 64 30 36 22 11 31 73 61 18 21 16 5 3 58 13 2 53 48 19 9 6 32 8 44 1 57 52 56 51 23 29 24 66 20 41 43 74 35 37 40 7 27 49 55 26 42 76 4 15 50 17 71 79 47 45 72 25 12 78 33 46 70 75 59 69 39 28 67 68 54 14 60 10 65 62 80 77 0 0 | seed: -8356307132907068476 | 0
Dumas/n80w20.003.txt |   sequence |       open | 2147483.65 |       0.04 | 46 11 50 8 66 34 44 48 41 10 6 3 45 52 69 13 24 2 61 17 20 75 30 9 25 36 73 77 39 58 42 59 43 49 56 72 64 51 4 74 53 57 28 31 76 35 40 70 37 71 1 26 62 67 18 60 27 15 38 47 65 19 79 22 33 7 21 23 54 32 29 63 5 80 68 0 0 0 0 0 | seed: -1263286129973016235 | 0
Dumas/n80w20.004.txt |   sequence |       open | 2147483.65 |       0.04 | 70 24 47 20 16 65 14 10 8 22 72 53 39 9 12 63 5 25 75 42 29 23 67 31 11 64 51 56 73 34 21 43 45 40 15 61 36 3 30 17 48 79 57 19 6 66 60 38 35 41 1 77 27 69 68 49 2 7 50 76 28 52 59 58 54 46 26 32 78 71 4 55 80 13 33 0 0 0 0 0 | seed: 7408071802070504996 | 0
Dumas/n80w20.005.txt |   sequence |       open | 2147483.65 |       0.03 | 63 16 12 22 4 47 70 9 64 58 39 5 61 27 42 6 31 48 78 53 18 37 62 34 7 15 28 46 73 74 75 32 49 25 10 76 35 41 65 38 19 67 30 40 29 36 43 26 1 45 17 44 52 51 57 77 23 21 3 79 8 13 14 60 72 56 24 80 33 0 0 0 0 0 0 0 0 0 0 0 | seed: -6894754915306034187 | 0
Dumas/n80w40.001.txt |   sequence |       open | 2147483.65 |       0.02 | 5 56 38 51 60 54 50 27 61 17 53 19 4 6 34 24 13 9 33 30 14 45 72 3 69 71 49 66 20 36 64 25 68 78 57 48 8 29 12 58 35 55 41 42 79 15 21 59 52 32 1 7 73 44 26 10 47 62 75 16 28 76 31 43 39 18 63 37 65 40 2 23 67 77 11 80 22 0 0 0 | seed: -8883579873296435097 | 0
Dumas/n80w40.002.txt |   sequence |       open | 2147483.65 |       0.03 | 41 49 74 78 66 43 65 3 71 20 64 26 72 63 12 23 24 44 79 10 62 35 47 11 14 53 31 45 5 50 48 4 30 51 8 18 55 22 7 56 60 29 6 34 70 58 33 76 54 37 38 2 15 68 16 28 40 57 77 39 46 1 80 13 67 0 0 0 0 0 0 0 0 0 0 0 0 0 0 0 | seed: 1931321387542699475 | 0
Dumas/n80w40.003.txt |   sequence |       open | 2147483.65 |       0.06 | 52 42 54 10 56 45 57 71 53 79 69 40 64 27 4 12 11 44 18 32 24 58 61 39 29 17 73 49 34 5 51 72 21 31 14 46 76 62 6 65 22 23 78 15 68 41 47 43 13 75 48 30 63 25 9 2 36 1 50 66 70 77 26 80 60 37 0 0 0 0 0 0 0 0 0 0 0 0 0 0 | seed: -3263742961493519071 | 0
Dumas/n80w40.004.txt |   sequence |       open | 2147483.65 |       0.03 | 78 5 8 20 24 48 40 54 61 29 21 77 26 59 22 51 32 45 44 25 60 43 71 33 16 36 62 9 56 34 18 39 79 46 63 50 31 37 58 70 30 55 47 1 14 15 28 13 67 42 27 69 52 3 35 65 49 23 19 75 17 66 12 4 11 38 7 53 80 57 68 0 0 0 0 0 0 0 0 0 | seed: -3945205484902206932 | 0
Dumas/n80w40.005.txt |   sequence |       open | 2147483.65 |       0.03 | 11 20 21 24 76 18 74 42 49 22 4 33 62 67 17 69 55 15 41 34 61 7 66 60 71 39 29 32 35 2 8 45 63 13 57 46 77 31 10 14 50 26 64 56 36 73 5 38 54 51 12 19 16 65 1 68 75 44 52 3 58 59 53 72 25 78 40 6 9 28 23 47 43 79 27 30 80 37 48 0 | seed: -4054933149376401771 | 0
Dumas/n80w60.001.txt |   sequence |       open | 2147483.65 |       0.05 | 14 8 40 78 41 71 9 18 45 16 64 79 62 65 24 33 42 56 67 21 38 48 34 51 74 7 63 30 76 19 5 59 55 61 17 53 47 73 4 49 32 57 44 1 70 39 52 58 72 26 25 66 54 22 60 68 43 12 15 11 20 75 3 77 37 13 23 27 6 46 35 2 80 50 0 0 0 0 0 0 | seed: 2007691702304996130 | 0
Dumas/n80w60.002.txt |   sequence |       open | 2147483.65 |       0.04 | 34 26 51 9 1 46 60 77 20 37 44 24 59 71 12 15 16 18 49 70 5 3 57 21 61 25 2 39 63 79 7 10 23 36 53 64 78 19 38 62 50 67 76 17 30 47 72 33 48 56 55 32 40 52 8 42 6 4 14 35 74 13 43 45 65 31 54 66 29 28 41 69 22 73 68 11 80 27 0 0 | seed: -1053314843369338333 | 0
Dumas/n80w60.003.txt |   sequence |       open | 2147483.65 |       0.04 | 40 52 61 67 62 78 51 48 15 79 12 22 41 29 2 65 37 5 43 3 34 63 44 58 50 24 60 23 8 14 25 39 75 68 73 26 13 4 18 56 16 72 20 35 49 30 31 66 53 46 59 74 42 1 57 33 71 55 19 69 47 28 9 7 6 76 36 11 32 54 38 45 17 27 21 77 80 10 0 0 | seed: -2732612043678609379 | 0
Dumas/n80w60.004.txt |   sequence |       open | 2147483.65 |       0.05 | 31 7 58 42 5 10 38 22 35 73 59 30 16 77 37 79 56 72 15 17 45 26 34 29 62 63 24 1 49 70 75 65 54 13 4 27 25 69 19 60 74 3 76 78 66 44 61 47 71 14 41 21 6 20 12 52 43 33 9 53 11 57 55 39 64 50 2 48 40 36 8 28 68 51 23 46 80 18 67 0 | seed: 8433898050417801027 | 0
Dumas/n80w60.005.txt |   sequence |       open | 2147483.65 |       0.04 | 16 43 3 26 52 64 12 75 63 20 9 68 53 28 46 8 13 79 35 70 42 74 37 19 22 54 56 49 34 14 76 39 66 58 36 45 69 11 7 40 17 25 2 4 1 18 65 27 38 29 30 48 47 41 23 5 50 78 55 21 71 61 67 57 32 24 33 62 15 77 51 10 60 44 59 6 73 80 31 0 | seed: -2964769984766829763 | 0
Dumas/n80w80.001.txt |   sequence |       open | 2147483.65 |       0.04 | 21 66 52 18 8 77 72 31 32 11 6 42 13 27 58 43 4 3 60 55 36 9 28 12 41 65 75 76 38 46 17 34 19 40 57 44 26 23 79 7 48 22 59 54 67 25 16 14 69 24 5 74 1 33 49 2 64 35 45 10 51 15 39 80 53 56 0 0 0 0 0 0 0 0 0 0 0 0 0 0 | seed: -7454205495085366356 | 0
Dumas/n80w80.002.txt |   sequence |       open | 2147483.65 |       0.05 | 43 11 19 62 36 57 25 41 59 32 1 8 45 75 34 56 29 16 42 72 58 26 50 46 28 3 15 7 13 38 12 55 17 6 9 52 67 35 48 20 22 60 53 40 78 73 79 37 65 33 24 4 31 77 71 68 70 66 64 18 63 39 14 47 54 10 51 2 5 61 69 27 80 23 74 0 0 0 0 0 | seed: 2341906967566669421 | 0
Dumas/n80w80.003.txt |   sequence |       open | 2147483.65 |       0.06 | 19 3 58 48 77 57 70 76 18 13 51 60 71 40 8 11 73 42 10 15 4 34 45 61 29 12 41 39 65 74 36 16 33 2 53 32 5 69 7 66 30 35 24 63 43 9 14 31 56 67 72 49 21 28 68 50 20 64 79 78 6 59 27 38 44 80 26 0 0 0 0 0 0 0 0 0 0 0 0 0 | seed: -3546736053025240675 | 0
Dumas/n80w80.004.txt |   sequence |       open | 2147483.65 |       0.04 | 41 58 19 73 16 61 3 71 45 10 12 57 72 70 77 53 79 60 74 39 24 21 22 2 8 28 44 1 66 33 36 31 40 76 7 20 32 23 56 65 52 49 15 63 51 18 59 69 48 64 27 62 38 35 17 34 78 25 14 6 42 26 55 43 11 67 46 9 47 4 68 54 50 75 13 5 80 29 0 0 | seed: 8402540495320849085 | 0
Dumas/n80w80.005.txt |   sequence |       open | 2147483.65 |       0.03 | 16 33 45 5 79 72 4 44 9 71 77 26 32 52 65 47 57 24 53 62 68 54 60 13 3 10 76 56 40 27 46 74 43 8 69 7 15 64 34 37 75 22 14 30 35 1 78 39 6 20 66 2 11 25 19 70 41 36 17 59 38 23 42 80 51 0 0 0 0 0 0 0 0 0 0 0 0 0 0 0 | seed: -5329698071030718266 | 0
Dumas/n100w20.001.txt |   sequence |       open | 2147483.65 |       0.07 | 88 30 1 49 11 9 42 57 65 28 72 20 79 4 50 95 24 22 60 62 94 53 56 64 32 61 10 8 12 5 70 34 87 29 93 85 76 92 78 77 3 2 75 74 44 41 13 27 16 59 91 55 23 19 66 47 35 40 38 96 33 18 73 15 7 46 83 52 84 48 58 97 39 99 90 67 89 37 82 54 81 63 17 14 71 80 45 25 26 51 21 100 36 69 0 0 0 0 0 0 | seed: 4389321329694025309 | 0
Dumas/n100w20.002.txt |   sequence |       open | 2147483.65 |       0.07 | 80 17 2 52 36 20 40 39 34 51 53 96 83 30 68 94 84 24 22 89 27 50 70 82 16 5 73 56 8 28 14 95 49 81 61 65 10 25 9 45 12 99 79 32 21 3 77 1 31 63 26 44 6 48 74 57 37 13 59 90 23 71 55 11 78 4 91 66 15 93 18 92 67 58 69 19 54 98 33 86 47 97 41 38 85 76 64 42 60 72 87 100 46 0 0 0 0 0 0 0 | seed: -5925420836665366293 | 0
Dumas/n100w20.003.txt |   sequence |       open | 2147483.65 |       0.10 | 97 35 61 33 34 38 57 60 6 47 15 93 26 53 96 20 77 21 16 70 25 83 68 50 98 56 13 85 92 79 36 75 89 86 45 49 48 8 9 43 18 22 71 90 66 54 76 65 73 78 91 72 5 87 44 4 23 12 10 31 30 81 14 94 7 80 32 17 40 59 42 64 24 55 74 82 37 51 39 3 2 19 99 46 67 63 62 28 27 95 69 84 100 29 0 0 0 0 0 0 | seed: 820458274648876892 | 0
Dumas/n100w20.004.txt |   sequence |       open | 2147483.65 |       0.07 | 96 89 39 42 26 22 71 51 6 23 77 34 66 72 38 61 64 85 29 27 25 36 67 82 7 75 9 80 20 81 8 11 93 43 12 44 41 74 45 31 92 48 35 54 87 78 73 56 62 2 10 47 13 83 91 68 95 65 24 53 16 58 94 30 59 21 15 79 32 98 46 88 5 86 55 63 90 40 19 18 70 49 60 28 3 76 100 99 69 0 0 0 0 0 0 0 0 0 0 0 | seed: 2225018856568008703 | 0
Dumas/n100w20.005.txt |   sequence |       open | 2147483.65 |       0.06 | 85 15 57 23 24 7 56 18 88 58 33 16 45 31 49 25 69 27 82 21 59 19 76 78 55 50 10 53 89 39 28 5 42 98 96 84 92 14 17 9 26 48 87 35 61 37 71 93 97 64 86 6 73 99 4 40 1 65 72 52 29 68 77 79 36 22 54 66 81 47 13 30 34 63 8 60 3 46 83 67 62 12 38 43 74 100 91 95 41 0 0 0 0 0 0 0 0 0 0 0 | seed: 1221450967582229472 | 0
Dumas/n100w40.001.txt |   sequence |       open | 2147483.65 |       0.05 | 16 99 28 39 19 44 2 32 37 30 66 46 76 47 57 86 7 88 58 40 62 21 33 78 61 5 17 3 45 81 26 4 41 23 64 54 12 94 84 27 85 18 11 60 13 75 56 35 14 1 80 22 93 59 91 71 51 48 90 55 74 6 20 98 29 92 63 70 79 65 25 42 72 9 97 34 87 10 8 82 31 77 52 36 38 15 67 50 95 68 73 24 43 100 96 49 0 0 0 0 | seed: -8456223553019466072 | 0
Dumas/n100w40.002.txt |   sequence |       open | 2147483.65 |       0.06 | 38 9 81 44 33 96 37 80 54 20 16 61 77 27 28 19 13 42 34 58 93 62 64 36 91 73 8 57 12 7 32 70 72 94 85 15 75 95 2 25 49 83 65 99 56 92 46 50 3 4 66 53 18 90 17 6 68 71 88 43 1 11 35 10 89 87 60 30 5 26 82 29 47 55 76 79 45 84 21 51 23 14 78 48 40 31 24 67 39 41 97 22 52 63 100 74 86 69 0 0 | seed: -8772712055900179471 | 0
Dumas/n100w40.003.txt |   sequence |       open | 2147483.65 |       0.13 | 41 45 3 40 48 95 70 84 6 44 20 34 14 21 43 29 22 59 75 66 62 64 10 58 35 69 61 85 96 47 24 73 76 31 27 91 49 12 55 93 11 94 68 65 90 38 86 46 2 32 98 18 7 89 97 79 52 36 92 77 83 23 54 37 71 26 67 51 53 30 28 82 16 88 78 57 4 74 99 87 60 9 63 8 50 1 81 42 72 13 56 25 33 39 80 100 5 0 0 0 | seed: 2298940200750433151 | 0
Dumas/n100w40.004.txt |   sequence |       open | 2147483.65 |       0.05 | 75 91 84 23 70 78 59 37 5 16 72 57 83 50 40 12 20 60 79 2 21 17 46 31 41 3 62 97 4 45 7 49 13 39 9 90 38 63 25 85 55 89 10 19 93 69 87 65 74 32 99 48 36 6 42 94 26 56 68 88 58 47 61 86 52 71 73 33 15 67 22 66 18 98 8 76 80 35 29 81 64 96 28 92 34 77 51 82 14 30 11 24 95 100 27 0 0 0 0 0 | seed: -6871934813774079431 | 0
Dumas/n100w40.005.txt |   sequence |       open |     777.00 |       0.06 | 3 58 91 37 7 42 77 21 62 80 17 89 31 70 74 88 51 44 9 84 11 5 19 1 75 79 39 4 30 82 65 53 22 98 61 48 43 34 38 10 57 94 52 35 18 33 2 50 99 83 15 25 87 96 45 28 12 86 59 40 24 46 85 71 36 8 13 54 56 29 6 69 90 60 55 95 49 92 93 47 76 20 73 27 78 23 14 72 68 16 81 66 67 26 32 97 41 64 100 63 | seed: -7256439357251676807 | 0
Dumas/n100w60.001.txt |   sequence |       open | 2147483.65 |       0.09 | 37 24 44 42 51 6 45 81 8 2 85 28 78 80 9 33 60 79 58 49 29 83 14 32 98 61 87 74 39 68 15 10 77 11 95 96 26 27 43 54 50 34 12 35 52 46 3 1 18 76 97 82 67 59 65 40 48 72 7 25 23 88 56 84 86 92 30 5 53 31 38 20 64 70 63 55 91 66 57 94 89 69 99 100 0 0 0 0 0 0 0 0 0 0 0 0 0 0 0 0 | seed: 6323559018206867863 | 0
Dumas/n100w60.002.txt |   sequence |       open | 2147483.65 |       0.06 | 56 8 22 74 16 52 23 77 83 70 97 54 53 17 46 41 37 85 24 32 45 47 26 78 33 79 75 27 30 35 51 62 92 21 3 69 12 80 87 11 90 13 18 19 84 6 4 72 49 28 68 65 93 50 81 86 94 34 48 14 36 61 43 73 71 10 55 57 2 31 29 76 67 91 82 59 9 60 88 1 25 15 7 0 0 0 0 0 0 0 0 0 0 0 0 0 0 0 0 0 | seed: -2107294514224492861 | 0
Dumas/n100w60.003.txt |   sequence |       open | 2147483.65 |       0.10 | 35 15 67 76 83 75 65 66 41 34 79 70 60 38 22 64 97 2 45 27 73 47 19 4 16 23 84 71 39 77 53 78 87 44 5 94 32 6 86 21 85 11 54 40 92 62 43 14 82 98 17 50 51 56 30 91 26 10 46 3 7 59 90 89 42 12 99 74 96 8 33 31 68 20 1 28 88 36 52 25 63 58 24 48 95 55 69 57 29 61 100 13 9 0 0 0 0 0 0 0 | seed: -5652210454075743013 | 0
Dumas/n100w60.004.txt |   sequence |       open | 2147483.65 |       0.07 | 93 57 41 97 74 52 83 4 69 24 79 58 8 38 46 54 22 94 10 20 99 1 29 66 30 95 25 80 78 26 37 16 60 91 85 56 14 18 35 84 76 59 19 43 47 68 39 51 72 71 63 89 53 31 6 28 21 50 48 45 73 77 90 32 17 42 67 11 13 36 7 15 2 92 9 98 82 96 61 88 44 27 23 75 5 3 100 33 62 0 0 0 0 0 0 0 0 0 0 0 | seed: 2034062975570454277 | 0
Dumas/n100w60.005.txt |   sequence |       open | 2147483.65 |       0.07 | 29 70 72 24 14 58 44 67 82 94 17 5 34 37 31 52 27 11 1 75 25 43 40 48 86 20 8 26 71 36 57 16 46 59 79 87 45 2 41 47 7 56 12 53 32 30 22 80 69 68 78 93 39 35 23 91 49 42 96 28 88 65 61 95 13 6 92 10 51 15 4 55 76 77 66 33 19 98 90 100 89 9 0 0 0 0 0 0 0 0 0 0 0 0 0 0 0 0 0 0 | seed: -9149476096600388481 | 0
Dumas/n150w20.001.txt |   sequence |       open | 2147483.65 |       0.15 | 92 22 99 95 40 65 149 132 134 86 67 45 146 125 82 31 5 25 143 62 121 64 137 84 29 147 118 71 148 4 41 78 3 124 32 94 59 42 51 108 127 68 110 17 6 98 77 96 11 102 18 97 112 117 61 116 100 60 34 14 23 72 106 30 91 128 47 122 63 36 1 119 9 90 130 114 105 37 141 93 142 74 126 69 111 73 123 15 129 107 140 83 8 70 81 131 7 12 145 135 56 58 26 10 54 76 88 66 19 44 79 55 52 57 136 2 113 24 20 80 85 27 21 138 38 133 101 109 115 35 49 103 28 87 75 39 139 89 13 16 120 50 150 144 0 0 0 0 0 0 | seed: 7982930201693757991 | 0
Dumas/n150w20.002.txt |   sequence |       open | 2147483.65 |       0.09 | 41 37 103 113 46 57 76 79 87 30 70 102 21 91 56 24 6 10 148 65 7 4 52 60 29 5 141 34 115 93 75 108 51 129 135 118 55 14 130 54 22 85 11 146 112 15 138 90 69 105 98 17 96 58 63 131 133 134 32 82 23 73 107 35 71 18 97 109 3 13 78 8 110 59 111 80 99 20 61 106 86 125 62 42 39 12 88 126 120 136 145 137 100 114 81 140 67 95 149 36 47 66 45 117 53 1 144 43 127 142 116 64 101 9 128 122 72 123 44 68 147 143 40 16 132 27 48 26 50 77 94 121 49 89 31 2 19 119 83 38 139 150 33 124 0 0 0 0 0 0 | seed: 1731947580152371670 | 0
Dumas/n150w20.003.txt |   sequence |       open | 2147483.65 |       0.23 | 64 40 131 82 28 148 78 7 30 140 141 137 97 29 93 129 27 38 32 94 34 36 11 68 85 81 98 19 83 53 31 24 89 54 84 126 44 149 26 51 5 86 59 79 116 17 52 3 46 104 76 70 123 33 63 100 39 73 99 37 102 22 42 18 50 4 120 57 115 91 128 14 55 61 10 2 96 62 43 146 75 108 106 143 90 139 113 41 136 118 58 87 15 110 8 114 20 23 117 25 147 74 1 109 144 135 112 67 60 92 45 21 111 130 125 127 56 48 145 88 6 133 13 72 71 119 105 80 66 95 12 122 132 101 47 138 16 124 77 134 121 49 150 35 0 0 0 0 0 0 | seed: 5801392058303967503 | 0
Dumas/n150w20.004.txt |   sequence |       open | 2147483.65 |       0.17 | 48 2 19 71 55 6 25 123 93 117 142 99 14 37 22 49 148 103 83 114 45 139 107 78 60 136 149 129 128 100 133 63 23 113 105 24 97 10 102 3 94 85 108 80 42 32 144 137 110 29 92 12 53 135 18 62 11 127 131 87 130 52 91 27 31 58 145 47 79 106 61 1 20 51 57 119 121 115 89 104 30 132 147 56 8 67 75 81 70 64 90 76 120 28 41 116 34 15 7 36 46 134 111 68 40 109 125 43 33 4 112 72 35 13 141 73 50 140 26 65 17 95 126 9 84 77 39 5 118 74 54 21 150 98 0 0 0 0 0 0 0 0 0 0 0 0 0 0 0 0 | seed: -8781188487497887769 | 0
Dumas/n150w20.005.txt |   sequence |       open | 2147483.65 |       0.14 | 106 31 11 64 119 117 103 132 146 135 15 87 4 61 62 72 27 7 18 100 34 83 115 47 65 105 28 23 29 74 53 120 89 73 149 108 5 144 2 55 111 139 98 12 33 24 101 81 38 26 97 86 76 39 58 80 96 112 30 67 60 17 25 43 59 44 137 140 90 45 68 36 20 22 145 125 91 116 56 19 124 82 40 131 70 99 71 16 121 8 129 95 21 85 14 6 148 9 46 109 50 57 128 1 127 41 133 49 13 78 104 136 48 84 77 123 110 51 79 93 94 114 126 42 107 37 88 143 118 35 113 3 147 32 150 141 0 0 0 0 0 0 0 0 0 0 0 0 0 0 | seed: 248864711354412755 | 0
Dumas/n150w40.001.txt |   sequence |       open | 2147483.65 |       0.13 | 40 30 109 142 102 80 72 19 112 12 8 147 124 117 138 105 116 48 55 41 20 15 133 61 103 86 46 28 113 35 120 118 23 36 63 1 57 25 96 71 13 2 50 21 27 38 104 108 77 106 66 144 5 33 111 87 49 73 92 54 16 22 91 10 69 34 60 45 119 6 134 81 67 68 123 44 101 83 121 88 99 17 24 141 136 139 74 100 39 115 84 56 47 62 14 148 42 52 43 76 95 127 110 114 132 125 7 90 128 70 135 18 143 126 59 98 51 75 78 129 11 94 89 3 4 122 107 150 53 0 0 0 0 0 0 0 0 0 0 0 0 0 0 0 0 0 0 0 0 0 | seed: -7691131454496276127 | 0
Dumas/n150w40.002.txt |   sequence |       open | 2147483.65 |       0.28 | 9 120 39 148 64 22 70 107 146 97 8 32 40 23 17 48 125 140 126 59 143 94 105 57 5 117 71 37 135 3 27 90 67 38 101 108 19 110 85 75 36 46 31 53 88 6 60 74 91 98 106 134 30 73 127 43 49 54 69 116 139 144 130 123 11 10 103 61 20 122 109 13 79 82 12 72 7 2 34 80 92 147 87 35 81 149 78 62 55 76 18 83 118 63 96 77 21 111 104 84 112 51 137 133 119 68 56 141 95 28 24 25 15 131 44 142 89 42 113 14 47 129 124 50 115 45 16 99 136 150 29 4 0 0 0 0 0 0 0 0 0 0 0 0 0 0 0 0 0 0 | seed: 178490320215269298 | 0
Dumas/n150w40.003.txt |   sequence |       open | 2147483.65 |       0.15 | 86 142 138 141 94 70 13 43 87 35 51 80 103 38 124 63 33 61 6 71 85 120 17 22 74 28 92 29 20 5 46 107 126 106 30 139 79 2 25 136 95 59 41 145 23 83 21 128 48 81 135 137 113 110 121 45 34 18 102 122 130 68 129 69 77 111 97 32 24 55 117 118 146 108 19 42 131 93 143 105 76 119 134 52 50 11 8 44 26 112 73 60 116 36 100 84 114 16 72 64 101 31 12 49 104 98 132 67 148 91 56 9 3 14 10 7 144 147 62 54 90 40 89 65 78 115 125 82 47 66 39 149 127 150 27 0 0 0 0 0 0 0 0 0 0 0 0 0 0 0 | seed: -6159268613652360939 | 0
Dumas/n150w40.004.txt |   sequence |       open | 2147483.65 |       0.20 | 47 141 86 19 35 38 60 107 76 45 132 83 93 127 67 149 65 84 8 108 100 142 56 37 72 49 52 10 53 128 41 14 85 115 114 139 133 71 78 125 90 55 91 118 77 24 95 70 25 26 97 126 3 121 96 112 101 29 43 124 54 9 58 27 106 57 61 63 119 113 30 147 111 13 104 123 102 138 59 44 5 28 6 50 110 148 135 79 117 129 122 64 39 7 1 81 87 120 88 20 21 16 12 40 69 33 143 51 105 66 22 116 18 136 42 17 109 32 15 23 62 82 80 4 36 68 146 89 34 98 134 99 131 150 2 144 0 0 0 0 0 0 0 0 0 0 0 0 0 0 | seed: -6991958444948604865 | 0
Dumas/n150w40.005.txt |   sequence |       open | 2147483.65 |       0.20 | 70 83 25 108 11 55 77 12 98 97 107 58 22 2 147 100 5 15 85 64 102 117 149 148 143 21 126 6 132 119 34 52 110 19 134 20 44 127 141 10 33 94 3 73 138 46 48 122 116 89 13 128 14 125 41 78 49 114 137 123 92 75 109 8 72 7 120 80 69 90 51 26 95 47 115 86 106 36 32 145 53 140 17 35 39 146 71 82 31 66 74 54 61 135 29 9 124 130 96 104 81 30 113 57 79 42 65 62 56 18 88 144 103 16 38 23 131 136 129 93 76 50 67 133 63 45 150 118 139 0 0 0 0 0 0 0 0 0 0 0 0 0 0 0 0 0 0 0 0 0 | seed: -950252922872925572 | 0
Dumas/n150w60.001.txt |   sequence |       open | 2147483.65 |       0.25 | 56 122 36 109 114 10 139 43 81 80 111 28 79 39 69 115 31 55 6 68 42 21 103 4 83 19 145 49 16 45 104 46 130 17 107 33 90 142 138 148 1 57 64 117 98 48 50 77 110 101 89 72 61 75 12 136 29 132 14 94 123 118 91 88 25 11 2 59 24 13 96 71 135 26 7 44 133 105 100 97 106 99 102 30 18 147 38 127 119 66 87 73 34 54 116 52 112 53 32 47 78 74 70 51 65 137 93 76 86 58 40 141 95 22 92 5 3 120 149 144 37 84 134 140 126 41 63 23 62 113 108 131 60 9 150 143 0 0 0 0 0 0 0 0 0 0 0 0 0 0 | seed: -4517069119826798789 | 0
Dumas/n150w60.002.txt |   sequence |       open | 2147483.65 |       0.16 | 92 89 63 11 44 35 51 88 148 42 56 73 81 109 38 139 12 21 61 142 97 19 99 86 133 48 114 140 138 16 77 70 50 66 34 121 22 71 95 102 24 85 3 116 104 26 96 122 147 145 87 2 69 67 59 27 93 115 107 30 31 112 39 105 132 80 68 37 17 74 25 118 100 52 72 58 128 98 10 62 119 18 131 29 120 1 60 149 82 8 6 84 103 106 83 53 76 78 113 7 127 54 32 57 75 137 94 33 143 101 5 49 111 124 129 9 90 13 126 110 125 135 141 14 43 36 108 47 40 45 91 65 55 46 15 64 146 20 28 79 123 130 117 150 0 0 0 0 0 0 | seed: 3271897148567613749 | 0
Dumas/n150w60.003.txt |   sequence |       open | 2147483.65 |       0.16 | 90 86 127 10 104 137 126 113 94 96 143 27 24 74 123 37 129 142 65 83 19 44 67 40 72 148 66 31 147 46 73 135 107 125 120 21 145 102 71 16 110 57 138 111 48 132 78 81 61 109 34 2 17 99 45 136 25 47 55 4 29 128 85 50 133 6 101 130 134 121 13 97 56 18 53 108 42 22 82 141 75 146 12 5 117 92 80 26 28 32 41 54 69 8 60 23 35 9 106 76 144 11 116 58 70 15 118 124 68 95 122 51 98 3 100 149 93 105 114 112 39 20 84 7 140 77 62 119 91 1 89 103 139 150 43 0 0 0 0 0 0 0 0 0 0 0 0 0 0 0 | seed: -272607386551507759 | 0
Dumas/n150w60.004.txt |   sequence |       open | 2147483.65 |       0.15 | 39 131 44 129 113 144 92 3 77 98 114 46 59 62 42 147 87 83 12 76 75 7 135 149 81 35 8 66 32 140 136 41 112 107 21 43 48 70 103 37 125 118 45 49 16 74 148 72 36 18 145 117 123 73 34 79 23 67 100 64 105 127 28 138 15 47 86 143 54 95 139 119 94 101 25 128 89 102 65 142 56 6 9 17 63 68 133 60 93 108 146 69 78 71 141 13 96 14 121 58 97 50 27 110 29 2 85 99 40 57 126 24 132 30 33 1 53 52 134 19 109 91 61 120 5 130 115 88 51 106 22 20 10 116 90 31 80 104 150 111 0 0 0 0 0 0 0 0 0 0 | seed: 2455049598808698223 | 0
Dumas/n150w60.005.txt |   sequence |       open | 2147483.65 |       0.20 | 21 148 87 13 19 117 86 29 101 23 149 54 1 147 41 124 81 71 121 11 130 8 84 120 145 65 72 80 107 138 62 135 106 85 26 63 140 113 17 99 100 122 25 38 57 142 37 110 6 129 134 78 112 141 45 127 69 103 43 131 123 128 76 36 104 75 67 3 125 74 40 52 48 35 53 92 47 126 33 42 116 102 98 9 111 15 97 10 93 30 24 119 2 27 46 70 90 91 61 108 20 73 60 94 66 79 58 7 64 105 132 39 12 118 16 95 115 59 139 144 109 18 143 89 31 114 137 28 44 68 133 4 150 96 88 0 0 0 0 0 0 0 0 0 0 0 0 0 0 0 | seed: -8076069819617754577 | 0
Dumas/n200w20.001.txt |   sequence |       open | 2147483.65 |       0.18 | 60 34 24 25 106 74 84 135 134 23 127 109 15 49 116 184 129 197 1 20 114 138 76 143 107 112 136 59 130 183 50 55 46 97 104 53 89 41 8 9 172 51 43 18 73 56 193 2 186 86 128 113 95 105 156 171 27 64 58 108 61 29 87 119 22 99 117 52 182 158 36 166 196 123 47 67 11 6 78 159 30 126 147 81 31 168 195 38 75 177 63 148 174 122 33 102 199 66 190 32 118 16 68 188 139 179 111 90 180 77 48 167 13 194 100 132 93 110 94 69 7 181 72 10 146 71 157 140 83 3 121 79 162 176 82 137 80 120 150 101 17 65 152 103 88 142 164 125 45 151 19 12 54 198 26 161 153 57 175 169 91 70 4 131 163 85 39 154 187 21 178 115 145 40 42 144 149 189 35 62 170 44 98 141 92 191 124 133 185 160 155 5 200 28 0 0 0 0 0 0 | seed: -6149770399771281599 | 0
Dumas/n200w20.002.txt |   sequence |       open | 2147483.65 |       0.23 | 32 27 186 7 38 192 49 47 9 5 196 100 152 24 21 118 73 138 124 185 157 2 91 184 15 182 183 1 71 66 109 22 111 90 16 187 172 26 188 103 147 79 179 156 139 105 167 88 119 155 122 165 75 67 46 164 174 89 163 83 115 14 128 42 85 37 96 80 110 93 34 6 131 134 74 126 44 113 153 11 45 141 144 145 137 130 116 150 198 61 57 195 48 191 108 13 86 31 59 78 151 176 189 92 8 72 181 28 132 143 129 36 125 18 161 77 50 135 43 121 29 60 41 199 180 69 169 190 97 40 25 35 193 197 112 107 4 120 114 160 123 62 149 136 94 117 173 23 63 98 99 55 20 68 30 133 106 81 168 142 84 56 101 87 54 82 64 10 159 17 127 146 178 104 51 154 12 194 52 19 177 95 76 39 3 200 158 166 0 0 0 0 0 0 0 0 0 0 0 0 | seed: -5221408179408741181 | 0
Dumas/n200w20.003.txt |   sequence |       open | 2147483.65 |       0.22 | 31 185 38 82 48 97 83 40 187 155 160 194 165 29 62 123 120 106 54 177 101 89 143 47 157 61 75 169 191 91 99 196 105 162 51 195 158 145 184 6 197 118 21 72 16 98 102 139 68 87 176 27 58 56 49 96 59 117 108 109 14 152 9 130 55 132 166 12 186 88 140 112 73 69 114 136 70 95 131 13 135 92 50 24 110 7 23 76 172 167 57 84 182 104 179 63 199 41 192 156 42 53 127 90 171 113 129 15 107 36 138 144 154 174 121 18 1 128 11 170 37 39 134 81 26 150 43 151 35 126 103 44 181 46 52 5 159 122 193 2 78 86 67 34 79 148 147 4 190 74 17 125 30 168 149 142 146 175 65 64 20 60 94 137 161 188 32 25 10 93 141 33 198 28 80 45 3 163 66 164 116 200 19 124 0 0 0 0 0 0 0 0 0 0 0 0 0 0 0 0 | seed: 6987619768789563938 | 0
Dumas/n200w20.004.txt |   sequence |       open | 2147483.65 |       0.26 | 44 92 161 8 68 131 192 88 128 29 156 124 162 55 76 182 167 130 142 190 141 94 120 35 179 117 99 108 196 49 51 111 96 80 5 174 113 65 63 7 16 118 87 32 186 85 147 102 45 82 6 61 115 157 43 97 193 91 134 75 155 187 26 10 73 15 149 159 158 38 54 2 173 72 137 109 71 197 42 53 164 22 33 24 176 107 81 144 112 62 165 74 122 23 105 60 133 77 64 83 78 66 172 106 40 37 59 121 104 84 28 140 163 46 36 189 14 146 110 145 98 1 195 153 143 150 4 12 178 25 93 135 181 31 56 185 188 148 50 136 183 139 125 114 126 21 57 47 41 17 58 129 101 19 13 198 18 169 168 123 152 70 67 100 103 132 3 9 89 151 116 127 170 48 52 191 175 95 39 34 11 20 199 79 194 180 177 86 171 154 90 200 27 0 0 0 0 0 0 0 | seed: 5917134011347684576 | 0
Dumas/n200w20.005.txt |   sequence |       open | 2147483.65 |       0.26 | 20 154 86 36 152 55 139 113 136 145 32 188 120 89 179 191 85 151 114 159 170 69 39 181 58 131 142 90 118 26 199 108 153 72 83 116 156 178 73 143 79 13 100 177 174 17 42 37 149 176 8 195 169 15 67 148 190 56 166 164 46 16 24 50 22 88 134 2 130 3 171 185 1 53 163 119 76 93 6 75 4 65 109 115 182 162 155 128 87 33 172 122 150 10 107 198 187 96 34 192 29 7 95 63 59 27 44 168 47 51 80 71 48 92 91 132 78 135 84 146 40 82 21 184 117 64 105 126 57 102 196 66 194 68 197 18 5 160 30 23 123 103 104 183 147 38 121 35 28 165 173 61 54 167 41 189 186 97 49 98 125 31 144 62 133 138 124 14 52 19 140 193 77 99 161 9 110 45 158 106 137 129 200 157 0 0 0 0 0 0 0 0 0 0 0 0 0 0 0 0 | seed: -4045407519174564006 | 0
Dumas/n200w40.001.txt |   sequence |       open | 2147483.65 |       0.26 | 46 31 58 112 126 186 84 90 118 172 54 157 183 75 114 55 6 153 141 100 104 158 127 7 65 72 166 174 9 111 60 195 167 190 115 51 156 193 155 142 69 160 18 164 77 19 5 99 98 20 82 108 27 134 34 14 26 17 63 12 93 124 176 61 147 91 197 184 168 189 15 144 76 187 32 125 139 22 80 33 138 159 67 121 105 122 52 43 169 146 89 45 10 133 198 148 178 39 53 194 83 49 165 150 94 92 66 173 87 88 171 57 59 24 79 154 81 103 196 152 42 181 96 137 102 107 2 85 16 151 179 95 25 68 44 64 1 50 185 56 23 177 149 162 78 11 120 161 110 47 41 113 119 73 188 192 145 48 8 86 36 71 180 97 70 62 101 170 106 30 123 28 35 140 130 132 128 136 116 40 135 13 3 4 129 200 175 109 0 0 0 0 0 0 0 0 0 0 0 0 | seed: -3988950031373906681 | 0
Dumas/n200w40.002.txt |   sequence |       open | 2147483.65 |       0.22 | 173 65 43 1 38 128 85 174 15 148 40 198 34 184 102 151 140 61 195 161 108 4 82 20 67 110 39 35 167 119 145 171 129 199 44 147 158 12 50 54 93 92 124 31 14 118 7 64 66 186 104 10 111 178 28 100 146 99 130 79 9 123 70 48 69 23 176 159 115 42 60 187 17 116 36 190 194 131 109 76 26 166 114 160 139 94 71 164 106 153 175 122 90 81 117 137 89 63 2 52 80 72 57 150 19 143 32 113 180 192 152 6 74 97 132 127 182 142 18 126 169 78 105 95 157 41 75 3 58 49 96 88 73 133 55 87 135 189 134 181 168 33 197 37 30 103 155 45 165 62 156 8 162 101 59 112 188 179 22 107 24 154 170 185 121 136 13 144 193 191 163 183 98 51 47 27 177 200 149 141 0 0 0 0 0 0 0 0 0 0 0 0 0 0 0 0 0 0 0 0 | seed: 6698821015974491714 | 0
Dumas/n200w40.003.txt |   sequence |       open | 2147483.65 |       0.25 | 69 152 61 134 83 13 77 122 142 94 121 26 178 119 173 56 46 23 30 157 60 136 159 62 52 195 99 156 139 32 71 118 128 84 5 41 80 170 11 58 185 96 3 33 8 40 168 155 138 66 51 187 20 16 180 89 92 143 133 75 120 116 14 24 97 19 86 158 146 162 88 93 65 38 64 198 179 165 91 188 166 100 174 104 67 147 140 106 45 18 131 21 148 137 102 76 153 186 1 28 183 81 107 85 98 149 7 82 125 189 39 127 196 141 181 110 25 37 31 167 114 72 108 50 169 57 36 154 34 105 74 175 49 48 29 177 59 191 109 130 113 197 17 190 145 2 6 95 103 73 182 101 192 150 68 184 117 129 124 10 55 15 163 171 90 135 43 193 78 47 115 44 200 35 0 0 0 0 0 0 0 0 0 0 0 0 0 0 0 0 0 0 0 0 0 0 0 0 0 0 | seed: 3113534753979751128 | 0
Dumas/n200w40.004.txt |   sequence |       open | 2147483.65 |       0.28 | 119 5 53 35 41 68 108 47 72 24 147 173 113 11 23 1 167 79 184 141 142 143 92 191 64 67 183 45 132 7 66 103 62 198 118 75 189 49 93 26 130 54 170 159 115 158 82 180 164 65 57 127 153 123 50 120 195 152 99 150 169 37 111 112 162 166 21 168 14 139 40 61 18 28 27 31 101 87 144 194 176 193 116 89 165 86 140 114 125 199 10 60 156 34 39 137 181 146 179 134 95 48 20 105 59 22 33 163 160 58 52 128 25 121 78 98 124 73 97 172 30 196 151 155 177 135 77 145 2 32 171 188 182 90 88 138 122 84 83 175 109 63 133 19 110 197 192 96 85 174 4 42 100 185 38 46 76 71 161 44 80 3 69 51 70 15 149 6 29 74 43 107 13 190 186 81 55 148 91 16 12 9 104 154 129 117 178 8 131 200 157 94 0 0 0 0 0 0 0 0 | seed: 2846483576338848633 | 0
Dumas/n200w40.005.txt |   sequence |       open | 2147483.65 |       0.07 | 104 92 8 105 3 169 136 145 112 76 170 116 142 74 192 67 25 2 84 43 42 27 36 53 62 30 121 173 149 72 81 125 38 110 164 54 159 49 199 163 95 15 40 193 100 152 197 90 18 166 64 176 118 24 86 180 167 143 9 91 5 26 57 77 51 61 129 69 32 23 165 87 37 128 4 146 153 133 140 158 191 171 65 28 115 137 96 188 12 144 10 132 7 154 19 11 179 63 1 97 107 33 148 20 14 111 130 190 60 119 114 22 185 83 189 108 31 113 184 78 70 79 120 183 117 124 58 89 93 52 135 174 126 160 13 109 88 94 196 66 80 48 45 186 55 59 47 187 122 123 85 44 141 178 172 161 102 134 177 21 99 168 98 6 75 34 162 41 39 56 127 195 29 156 103 16 73 198 138 35 175 157 46 151 68 50 82 139 71 101 200 194 147 0 0 0 0 0 0 0 | seed: 6782226409953059886 | 0
