OhlmannThomas/n150w120.001.txt |   sequence |       open | 2147483.65 |       0.08 | 92 22 99 40 86 46 45 67 95 132 65 149 48 125 82 33 104 146 43 134 124 78 32 42 62 5 31 25 143 137 64 121 84 29 147 118 71 41 4 148 3 94 59 68 127 51 108 110 17 6 98 77 102 96 60 34 14 116 61 117 97 112 23 72 106 30 47 63 36 1 119 90 114 37 128 122 91 53 9 130 105 141 70 15 135 74 73 123 93 142 126 111 69 129 140 107 8 83 131 81 58 145 56 12 54 10 26 7 57 2 88 55 44 19 79 66 52 136 113 24 20 80 138 38 85 87 27 75 101 109 103 115 49 133 21 39 35 28 13 16 139 89 120 50 150 144 0 0 0 0 | seed: -1243962595895957920 | 0
OhlmannThomas/n150w120.002.txt |   sequence |       open | 2147483.65 |       0.06 | 24 37 103 113 46 104 57 92 79 76 4 84 6 91 102 87 21 70 108 65 148 10 56 51 75 93 115 52 29 5 141 34 130 55 14 118 135 54 85 22 146 112 15 90 18 71 73 97 35 23 28 82 32 131 63 134 133 17 58 107 3 110 13 8 111 80 136 120 100 106 39 42 62 12 88 20 126 99 61 125 86 145 149 95 81 114 140 137 67 43 127 53 117 144 66 142 36 47 1 45 116 128 68 143 101 94 64 44 147 40 2 77 121 48 50 26 25 16 132 27 19 119 83 49 89 31 38 139 150 33 124 0 0 0 0 0 0 0 0 0 0 0 0 0 0 0 0 0 0 0 | seed: -8016457714694298057 | 0
OhlmannThomas/n150w120.003.txt |   sequence |       open | 2147483.65 |       0.02 | 64 7 27 131 82 40 28 148 78 98 19 30 29 93 129 97 141 140 38 81 83 24 31 44 53 70 89 126 5 26 116 79 59 52 123 33 103 69 142 76 107 57 120 4 73 99 37 63 22 128 14 91 55 10 96 62 90 139 41 136 118 8 117 1 109 144 23 20 110 15 87 58 130 125 114 25 147 112 74 135 60 92 45 21 56 145 48 105 80 66 88 6 133 13 72 71 119 95 132 101 16 124 138 47 150 77 134 121 49 35 0 0 0 0 0 0 0 0 0 0 0 0 0 0 0 0 0 0 0 0 0 0 0 0 0 0 0 0 0 0 0 0 0 0 0 0 0 0 0 0 | seed: 6877616350427178297 | 0
OhlmannThomas/n150w120.004.txt |   sequence |       open | 2147483.65 |       0.06 | 48 6 19 2 71 55 25 22 142 99 93 103 37 49 14 113 133 24 23 105 63 128 136 107 149 114 45 139 60 143 129 97 100 10 102 3 94 42 108 32 144 137 110 29 92 12 53 18 127 131 87 130 52 91 58 145 47 79 106 44 61 1 101 57 88 121 82 16 38 104 147 56 8 75 81 67 64 120 89 30 132 115 7 46 146 70 41 28 40 76 68 36 15 34 109 125 43 4 134 111 112 72 141 26 140 65 9 13 35 73 126 95 17 50 84 77 39 5 118 74 54 150 21 98 0 0 0 0 0 0 0 0 0 0 0 0 0 0 0 0 0 0 0 0 0 0 0 0 0 0 | seed: 1303782297916814728 | 0
OhlmannThomas/n150w120.005.txt |   sequence |       open | 2147483.65 |       0.07 | 106 4 135 103 132 15 119 117 146 11 64 31 34 120 87 61 62 72 27 83 100 18 65 47 7 115 53 29 28 74 10 89 142 73 149 5 144 55 111 98 12 33 24 101 26 81 38 76 97 75 134 86 112 25 30 17 60 96 43 39 45 20 68 137 140 90 36 59 44 22 125 130 116 82 56 63 66 70 52 8 129 121 19 124 131 102 99 54 91 71 16 95 21 6 85 14 46 9 133 127 1 50 109 148 128 41 57 104 49 13 77 123 84 69 122 78 136 48 93 79 51 138 92 94 126 114 42 110 107 37 88 113 35 143 118 3 147 32 150 141 0 0 0 0 0 0 0 0 0 0 | seed: -3238651704386603041 | 0
OhlmannThomas/n150w140.001.txt |   sequence |       open | 2147483.65 |       0.06 | 40 30 142 102 109 72 80 147 117 8 138 105 35 113 149 20 15 133 86 46 28 118 116 120 23 36 63 13 50 21 82 57 96 25 77 108 37 106 64 38 93 140 104 144 66 5 111 49 87 27 32 9 29 73 92 145 22 146 69 10 34 60 91 68 16 134 44 81 67 97 88 83 101 45 131 119 6 123 65 121 47 99 130 17 58 26 79 24 56 84 115 52 85 139 100 136 141 39 74 43 95 110 114 132 31 14 148 62 42 76 7 90 125 127 128 70 129 135 59 18 11 143 98 51 78 75 3 89 94 4 122 150 107 53 0 0 0 0 0 0 0 0 0 0 0 0 0 0 0 0 | seed: -8477457749281705242 | 0
OhlmannThomas/n150w140.002.txt |   sequence |       open | 2147483.65 |       0.07 | 9 120 146 107 32 22 140 125 94 41 143 126 117 148 135 3 5 27 57 37 58 17 23 40 70 97 8 48 59 105 71 90 74 6 36 85 102 110 19 108 101 114 38 46 75 31 53 60 91 30 134 73 98 127 43 69 144 10 122 20 82 7 33 13 79 61 145 81 12 72 87 78 86 92 80 65 66 100 55 62 76 121 18 1 132 83 26 118 63 96 84 128 21 111 77 104 137 133 119 56 28 51 112 93 68 141 95 25 131 24 15 142 113 42 89 14 47 44 129 115 124 50 99 16 45 136 4 150 29 0 0 0 0 0 0 0 0 0 0 0 0 0 0 0 0 0 0 0 0 0 | seed: 2105995394400607593 | 0
OhlmannThomas/n150w140.003.txt |   sequence |       open | 2147483.65 |       0.06 | 86 124 140 63 4 43 13 87 141 138 142 103 88 70 94 15 35 53 71 51 120 75 38 79 20 92 28 85 74 29 96 126 139 30 107 106 58 146 136 59 41 145 23 128 83 21 34 48 18 81 113 135 102 122 121 137 45 97 37 111 1 32 130 68 57 129 69 77 143 42 134 24 55 117 118 108 19 119 131 76 93 105 101 112 60 116 100 26 73 84 8 44 50 11 52 12 109 49 104 98 16 114 72 31 64 148 36 132 3 9 133 91 56 147 144 67 14 90 40 10 62 7 78 66 47 99 82 125 65 89 54 115 150 149 39 127 27 0 0 0 0 0 0 0 0 0 0 0 0 0 | seed: -7239159932772354064 | 0
OhlmannThomas/n150w140.004.txt |   sequence |       open | 2147483.65 |       0.05 | 19 141 35 76 142 38 149 65 67 84 108 100 86 47 72 37 45 83 8 127 93 107 60 56 132 11 46 125 3 145 49 52 85 41 130 71 91 55 78 77 24 95 70 25 74 26 97 126 101 112 43 54 9 27 106 61 73 113 30 13 138 102 44 6 104 111 5 28 31 75 92 103 117 50 110 148 64 1 7 39 129 122 20 88 120 21 16 12 81 33 69 143 105 51 18 136 109 15 17 62 32 94 4 137 23 146 68 140 82 36 80 131 150 34 134 89 98 2 99 144 0 0 0 0 0 0 0 0 0 0 0 0 0 0 0 0 0 0 0 0 0 0 0 0 0 0 0 0 0 0 | seed: -5650066574562447424 | 0
OhlmannThomas/n150w140.005.txt |   sequence |       open | 2147483.65 |       0.03 | 77 111 12 98 24 142 59 27 107 55 83 11 25 70 108 112 15 85 110 19 87 1 4 102 22 64 147 149 28 148 100 21 143 6 132 52 119 34 134 20 127 44 141 10 33 46 48 89 116 94 138 3 73 47 122 13 125 14 41 78 128 49 114 92 123 137 75 95 109 8 7 72 120 80 69 90 51 26 115 86 106 36 17 146 35 39 145 32 53 71 140 84 37 82 9 66 31 29 54 43 130 61 124 135 74 99 60 42 88 144 103 65 81 104 96 56 30 57 79 113 91 18 62 23 131 38 16 68 136 129 76 67 93 45 50 133 63 118 150 139 0 0 0 0 0 0 0 0 0 0 | seed: 1516767388472801853 | 0
OhlmannThomas/n150w160.001.txt |   sequence |       open | 2147483.65 |       0.07 | 56 6 28 31 115 39 122 129 36 109 128 10 42 139 80 43 69 79 67 114 68 124 55 81 104 49 21 103 4 145 19 90 33 77 61 48 64 20 142 148 17 117 57 98 50 110 101 72 75 12 89 136 29 132 14 94 123 118 91 88 25 59 2 11 7 26 135 24 13 96 71 133 97 106 99 105 44 100 102 30 18 147 112 38 127 119 66 52 87 73 34 116 54 40 5 74 78 32 53 70 86 93 76 137 65 51 58 141 92 47 144 95 3 120 37 134 84 140 149 22 125 23 126 41 63 27 62 113 35 131 108 150 60 143 9 0 0 0 0 0 0 0 0 0 0 0 0 0 0 0 | seed: 4192494287433938482 | 0
OhlmannThomas/n150w160.002.txt |   sequence |       open | 2147483.65 |       0.08 | 92 63 97 99 19 4 142 12 81 38 136 34 138 16 77 70 26 66 88 114 73 11 56 109 139 21 48 133 41 86 140 71 50 121 22 95 93 27 59 67 69 107 31 39 132 37 25 118 10 58 17 105 112 30 80 144 72 52 62 1 103 53 83 76 134 119 98 128 29 131 18 60 149 6 94 113 84 106 8 120 57 32 127 75 137 5 124 111 49 126 13 125 135 33 129 110 9 141 43 14 36 108 91 46 55 65 47 40 45 64 15 146 20 28 23 79 123 130 117 150 0 0 0 0 0 0 0 0 0 0 0 0 0 0 0 0 0 0 0 0 0 0 0 0 0 0 0 0 0 0 | seed: -2915104183180503339 | 0
OhlmannThomas/n150w160.003.txt |   sequence |       open | 2147483.65 |       0.05 | 90 86 127 10 94 113 104 126 88 49 96 143 27 24 74 123 37 40 66 148 129 72 142 31 63 65 83 38 44 73 30 46 120 137 125 115 145 135 16 17 102 107 132 48 61 81 147 21 131 2 34 138 128 4 29 133 50 85 55 136 25 45 99 56 78 47 22 75 33 141 108 53 121 6 134 18 13 82 97 130 64 3 26 32 14 144 12 5 54 28 117 41 69 8 76 106 11 58 149 15 95 68 60 116 23 70 51 98 118 122 93 105 114 124 100 7 112 84 39 20 62 139 77 140 91 89 1 103 119 43 150 0 0 0 0 0 0 0 0 0 0 0 0 0 0 0 0 0 0 0 | seed: 4692770171995584181 | 0
OhlmannThomas/n150w160.004.txt |   sequence |       open | 2147483.65 |       0.08 | 39 137 3 92 4 129 44 131 113 144 62 12 81 149 83 42 147 77 26 36 123 118 45 16 84 7 135 32 140 41 136 107 21 48 18 125 37 122 103 55 43 112 72 49 148 34 105 86 23 67 100 79 127 28 15 124 47 54 95 119 139 142 9 133 60 128 101 94 143 6 56 65 102 89 25 17 63 93 78 71 141 69 146 96 121 14 50 97 27 99 58 110 29 85 40 57 24 126 109 1 19 132 30 33 53 134 120 52 61 5 115 90 20 104 31 130 80 106 116 22 51 10 88 150 82 111 0 0 0 0 0 0 0 0 0 0 0 0 0 0 0 0 0 0 0 0 0 0 0 0 | seed: 6024964051670587541 | 0
OhlmannThomas/n150w160.005.txt |   sequence |       open | 2147483.65 |       0.05 | 21 19 83 22 77 82 130 8 29 13 86 117 148 149 14 54 49 1 81 63 32 51 23 147 41 121 71 120 138 62 106 11 84 124 129 56 140 85 99 110 142 37 122 25 57 38 113 127 45 112 78 103 43 134 123 76 40 125 74 48 36 92 69 93 10 55 2 24 67 75 3 52 53 70 30 119 97 102 61 27 46 90 136 12 94 64 105 60 118 5 144 59 139 115 39 20 7 79 66 58 132 16 50 109 143 95 137 28 114 31 89 133 4 44 96 88 150 0 0 0 0 0 0 0 0 0 0 0 0 0 0 0 0 0 0 0 0 0 0 0 0 0 0 0 0 0 0 0 0 0 | seed: -5887179184193628631 | 0
OhlmannThomas/n200w120.001.txt |   sequence |       open | 2147483.65 |       0.27 | 24 15 20 106 37 109 25 173 34 60 134 23 135 74 84 127 76 138 114 49 129 197 1 59 50 107 130 183 136 55 46 97 89 18 43 8 41 73 9 172 51 56 105 156 171 58 108 27 87 22 119 52 158 36 166 196 78 30 148 159 147 81 31 195 168 38 177 174 122 102 199 33 188 179 68 139 66 190 111 77 100 13 32 118 16 90 180 48 10 72 181 93 110 94 121 3 83 140 157 71 79 150 101 103 88 80 137 17 65 152 161 192 162 176 82 120 125 45 151 164 142 198 19 12 26 54 153 91 165 70 4 131 163 14 39 85 145 175 57 169 178 154 187 21 115 40 42 149 170 62 35 189 98 92 141 44 133 124 191 185 155 160 200 5 28 0 0 0 0 0 0 0 0 0 0 0 0 0 0 0 0 0 0 0 0 0 0 0 0 0 0 0 0 0 0 0 0 0 0 0 | seed: 2634329994758668913 | 0
OhlmannThomas/n200w120.002.txt |   sequence |       open | 2147483.65 |       0.26 | 32 186 27 38 7 49 47 192 9 5 196 118 152 100 138 111 66 90 16 187 188 79 182 183 1 71 167 15 184 91 157 185 2 33 175 124 147 109 22 26 179 103 105 139 155 119 53 67 164 89 163 165 122 75 115 14 174 128 83 110 134 74 34 6 131 93 37 96 42 85 11 80 44 153 45 141 116 137 150 144 198 102 48 195 61 57 191 13 86 78 8 72 176 162 92 108 189 151 58 181 28 132 143 129 36 77 135 50 43 121 29 161 170 140 18 125 180 69 190 41 199 97 60 112 169 40 193 25 197 35 107 20 63 173 23 4 120 114 160 149 62 123 94 136 117 10 65 82 54 87 101 56 84 142 81 68 30 168 133 159 17 64 148 154 127 146 12 178 104 194 51 52 19 177 95 76 200 39 158 3 166 0 0 0 0 0 0 0 0 0 0 0 0 0 0 0 0 0 0 0 | seed: 6041631065213029442 | 0
OhlmannThomas/n200w120.003.txt |   sequence |       open | 2147483.65 |       0.25 | 178 31 185 173 48 97 40 82 83 89 101 177 54 106 120 123 62 29 165 194 160 155 187 38 21 157 191 169 75 61 47 143 71 99 196 51 184 189 72 197 16 6 91 105 195 162 145 158 98 102 115 176 27 58 49 96 59 108 109 14 8 12 166 132 55 117 130 9 88 140 186 112 136 70 95 114 69 77 192 179 110 42 92 13 183 73 24 111 167 172 104 84 182 57 41 156 127 53 171 36 107 15 129 113 138 154 174 121 1 103 126 181 2 39 11 37 86 78 5 52 150 4 43 35 46 151 122 44 159 193 67 79 148 17 125 74 190 34 30 147 146 20 175 142 133 65 168 149 64 60 94 137 161 32 188 85 198 33 25 93 141 180 10 3 45 66 80 28 163 164 116 200 19 124 0 0 0 0 0 0 0 0 0 0 0 0 0 0 0 0 0 0 0 0 0 0 0 0 0 0 | seed: -9125592682476218725 | 0
OhlmannThomas/n200w120.004.txt |   sequence |       open | 2147483.65 |       0.29 | 44 8 88 29 68 131 92 161 192 96 124 128 162 156 55 76 167 142 190 141 94 108 179 99 117 35 51 80 7 43 61 6 45 102 147 87 118 32 85 186 63 113 16 82 134 91 193 115 157 97 75 155 187 26 73 38 159 149 158 15 54 173 72 197 109 42 53 81 62 164 22 33 74 30 122 133 77 83 37 78 59 121 163 46 36 28 145 98 64 40 66 106 172 104 84 1 195 150 4 135 31 50 183 189 146 110 14 93 178 25 166 148 185 188 56 181 136 119 139 125 184 21 126 17 57 47 41 58 152 19 198 101 13 129 123 70 67 169 168 18 103 100 52 151 89 39 34 11 132 9 116 127 191 48 170 95 175 20 79 199 177 86 194 154 180 171 90 200 27 0 0 0 0 0 0 0 0 0 0 0 0 0 0 0 0 0 0 0 0 0 0 0 0 0 0 0 0 0 0 0 | seed: 8487630257530302908 | 0
OhlmannThomas/n200w120.005.txt |   sequence |       open | 2147483.65 |       0.29 | 120 20 89 32 113 86 69 58 114 170 36 179 191 85 188 145 151 39 181 131 142 90 141 81 127 74 108 199 43 153 26 118 180 112 178 83 156 143 13 37 67 169 8 176 42 195 177 174 17 100 149 56 15 190 148 164 50 22 88 2 130 119 76 6 75 65 182 163 175 1 53 93 4 115 128 155 162 109 33 87 111 63 95 10 187 150 96 94 34 192 7 59 51 44 27 168 47 80 132 71 92 91 48 78 64 105 84 135 184 40 82 11 21 117 146 57 102 126 18 103 123 30 23 160 197 5 68 147 196 194 66 28 25 183 104 35 121 38 165 61 173 54 167 41 189 186 49 97 14 98 62 125 31 144 52 133 124 138 19 140 99 158 110 161 9 45 193 77 106 137 129 200 157 0 0 0 0 0 0 0 0 0 0 0 0 0 0 0 0 0 0 0 0 0 0 0 0 0 0 0 | seed: 944715391512023396 | 0
OhlmannThomas/n200w140.001.txt |   sequence |       open | 2147483.65 |       0.26 | 46 6 157 54 84 90 118 112 58 31 156 51 115 190 9 111 65 72 166 104 142 75 183 172 55 114 141 174 100 193 7 127 158 60 195 199 155 37 18 38 82 17 34 91 197 184 168 15 76 144 187 189 143 176 61 124 134 27 14 63 93 147 26 12 52 29 39 22 139 125 32 191 138 159 89 67 45 163 178 121 10 122 105 43 133 148 146 53 194 83 49 165 173 66 92 171 59 57 24 87 88 96 181 152 42 154 81 137 196 107 102 2 85 151 16 1 50 44 161 177 47 119 73 113 41 120 11 149 162 188 145 56 23 36 8 101 170 180 71 97 123 35 86 136 48 30 106 140 192 135 13 130 128 116 40 3 129 4 200 175 109 0 0 0 0 0 0 0 0 0 0 0 0 0 0 0 0 0 0 0 0 0 0 0 0 0 0 0 0 0 0 0 0 0 0 0 0 0 0 0 | seed: -3634393925138924604 | 0
OhlmannThomas/n200w140.002.txt |   sequence |       open | 2147483.65 |       0.10 | 173 83 85 43 65 25 38 56 34 184 102 151 61 4 1 198 40 15 148 68 91 174 128 110 39 35 20 82 67 120 161 108 195 7 124 53 50 145 199 129 54 21 158 44 147 12 93 92 111 10 23 9 70 123 48 99 130 5 64 104 66 146 100 28 178 79 125 86 159 176 69 2 113 138 131 166 114 160 106 164 71 153 81 137 89 63 80 57 150 175 122 90 84 52 72 32 19 143 180 192 152 74 97 142 182 127 78 169 126 105 95 49 88 73 11 16 189 37 103 134 45 96 41 58 3 55 168 87 46 75 133 33 135 30 155 181 197 172 62 165 112 101 188 162 22 156 179 59 8 154 107 24 170 185 163 191 193 121 136 47 51 13 183 144 98 27 149 177 200 141 0 0 0 0 0 0 0 0 0 0 0 0 0 0 0 0 0 0 0 0 0 0 0 0 0 0 0 0 0 0 | seed: 871405077607460999 | 0
OhlmannThomas/n200w140.003.txt |   sequence |       open | 2147483.65 |       0.32 | 152 121 119 134 13 122 142 61 69 77 178 173 111 112 94 56 60 157 23 159 172 22 26 136 53 4 62 52 194 32 199 71 118 128 27 11 58 5 151 96 126 41 80 132 176 155 138 54 70 187 20 16 133 120 75 116 92 89 14 24 64 179 165 91 166 188 38 19 93 158 65 88 146 162 106 144 131 9 137 102 160 147 140 45 18 21 100 67 183 7 85 141 81 1 181 196 153 148 25 76 186 12 28 107 127 164 175 57 31 110 37 167 108 114 72 50 169 154 34 105 74 36 49 48 29 177 59 191 109 79 130 113 17 145 2 87 6 184 101 192 55 124 10 103 95 182 73 68 150 129 15 117 163 171 43 78 90 193 135 47 200 44 35 115 0 0 0 0 0 0 0 0 0 0 0 0 0 0 0 0 0 0 0 0 0 0 0 0 0 0 0 0 0 0 0 0 0 0 0 0 | seed: -8064692906276883607 | 0
OhlmannThomas/n200w140.004.txt |   sequence |       open | 2147483.65 |       0.33 | 119 5 187 35 41 53 108 136 47 72 24 147 173 1 184 167 79 92 64 132 159 164 115 153 123 50 152 120 127 26 93 54 126 118 198 7 66 75 49 36 189 103 62 170 180 158 130 82 150 57 65 195 56 111 166 21 101 162 102 112 139 31 27 28 18 61 40 144 194 176 89 165 86 140 125 10 60 156 34 20 39 134 95 137 177 73 97 172 98 196 128 52 58 22 59 105 2 106 145 163 171 90 32 30 151 155 135 77 19 96 110 197 42 100 38 175 88 138 122 133 83 17 51 80 185 46 76 161 71 44 3 69 70 149 15 6 74 29 43 107 13 81 148 91 16 55 104 186 190 12 9 154 129 117 131 178 8 157 200 94 0 0 0 0 0 0 0 0 0 0 0 0 0 0 0 0 0 0 0 0 0 0 0 0 0 0 0 0 0 0 0 0 0 0 0 0 0 0 0 0 | seed: 4332841357038124799 | 0
OhlmannThomas/n200w140.005.txt |   sequence |       open | 2147483.65 |       0.10 | 92 3 76 136 67 25 27 36 62 81 72 104 8 105 170 112 53 43 84 131 121 173 24 197 18 64 176 118 57 5 9 125 149 38 199 49 152 110 54 15 95 40 193 61 100 86 180 91 167 143 69 32 140 158 171 191 65 28 37 133 153 4 97 190 108 83 119 1 11 19 132 154 179 63 14 148 60 107 33 20 111 22 130 189 70 78 31 184 113 114 117 124 58 79 120 183 89 93 52 135 174 126 109 94 59 88 13 160 47 187 122 123 66 80 48 55 196 44 141 102 134 177 99 168 98 182 162 41 6 56 34 75 39 29 73 16 156 150 155 198 103 127 17 195 138 35 68 175 151 46 157 82 50 139 200 101 71 147 194 0 0 0 0 0 0 0 0 0 0 0 0 0 0 0 0 0 0 0 0 0 0 0 0 0 0 0 0 0 0 0 0 0 0 0 0 0 0 0 0 0 | seed: -4516012063993669541 | 0
