100
0   365 234 256 98  343 323 382 154 273 289 295 154 87  350 276 104 502 97  60  472 106 349 349 145 350 137 30  229 490 275 302 342 217 380 394 440 189 367 40  89  55  197 346 302 46  307 426 318 322 74  158 127 341 280 107 381 311 116 290 342 235 66  123 312 205 267 374 339 397 356 512 322 203 243 300 66  418 367 236 145 125 324 99  307 92  167 361 208 114 469 364 344 303 236 120 342 513 314 301
365 0   151 142 409 534 195 80  276 101 140 98  310 449 201 218 448 258 297 382 252 260 489 257 316 205 481 339 136 251 91  341 164 164 416 134 294 450 397 404 440 398 224 351 172 397 81  254 183 187 433 237 376 198 410 401 181 220 430 91  328 421 382 429 282 178 339 542 126 163 34  278 260 212 128 69  336 110 449 348 273 464 65  445 57  414 230 344 206 271 275 321 404 64  466 282 57  292 89  179
234 151 0   24  262 484 122 203 125 107 62  137 237 311 147 105 330 372 194 266 355 128 456 295 165 260 364 205 69  362 67  332 227 116 419 241 366 365 401 269 297 256 75  359 205 257 135 333 224 230 294 159 284 138 372 253 262 247 322 121 341 362 268 324 293 122 314 502 109 260 131 389 283 63  31  82  193 241 436 307 194 349 94  326 101 302 158 362 163 171 368 347 396 87  394 189 112 398 81  95 
256 142 24  0   279 508 101 202 137 117 38  145 261 331 124 92  353 376 219 290 361 151 479 310 177 271 388 227 87  366 70  352 237 135 439 244 377 389 421 291 316 276 83  378 218 277 140 343 237 242 314 183 309 116 395 269 270 262 346 128 359 386 292 348 311 143 336 525 84  266 118 393 299 71  44  76  212 240 457 329 218 372 80  350 98  326 181 380 184 195 376 364 417 81  419 213 96  404 62  74 
98  409 262 279 0   433 318 443 145 331 304 358 251 80  343 266 168 580 189 153 553 157 444 438 113 433 191 96  282 568 319 399 419 285 478 463 528 276 466 82  53  45  201 443 381 57  366 511 398 403 67  240 224 335 378 16  459 398 197 348 438 331 159 206 405 276 365 465 353 471 393 592 412 211 281 340 75  480 465 334 236 187 357 162 354 174 249 458 289 199 554 459 443 345 325 210 374 595 341 301
343 534 484 508 433 0   604 495 475 438 546 435 247 370 630 572 271 492 303 283 456 389 70  323 481 371 264 364 430 481 477 209 400 383 190 466 379 156 198 350 395 387 495 228 371 376 452 399 369 368 374 325 220 622 125 445 415 333 236 444 250 122 277 227 275 372 198 37  586 445 548 488 301 494 470 501 406 510 138 186 290 258 534 277 490 258 326 249 334 319 432 275 169 501 107 300 549 476 540 578
323 195 122 101 318 604 0   271 175 210 68  235 357 384 27  52  427 450 308 367 441 229 578 406 205 364 460 293 187 442 160 453 327 236 540 321 467 479 522 352 364 328 125 479 314 333 226 431 331 337 368 280 398 18  495 304 357 360 427 218 459 482 371 430 411 244 436 623 70  347 161 469 398 120 144 152 266 305 558 429 314 447 132 422 176 405 280 479 285 287 460 463 518 156 512 306 137 482 110 27 
382 80  203 202 443 495 271 0   323 111 211 87  295 470 281 288 451 178 300 387 171 286 442 192 363 137 483 361 160 171 135 291 99  165 356 53  216 433 338 423 465 423 278 292 123 420 76  175 126 129 455 234 366 277 369 438 106 164 426 94  268 391 386 424 226 178 297 498 206 83  114 198 202 267 173 126 367 38  395 312 265 465 139 450 103 415 226 282 191 275 195 256 350 121 440 280 136 212 162 253
154 276 125 137 145 475 175 323 0   217 159 246 239 209 201 124 259 482 174 207 461 90  465 373 40  351 292 125 167 471 190 373 326 191 461 355 455 331 445 178 190 153 56  410 295 158 250 429 314 319 192 184 255 192 385 133 365 326 267 233 398 356 212 272 355 188 345 501 207 369 255 497 353 66  151 207 92  362 464 326 204 280 217 254 224 243 190 419 218 164 468 412 431 212 372 184 234 504 200 157
273 101 107 117 331 438 210 111 217 0   142 30  208 360 229 209 350 266 197 283 248 175 397 196 256 155 382 251 50  256 50  256 120 63  338 138 260 349 320 313 354 312 177 275 103 310 34  226 121 126 345 136 274 222 316 326 155 150 329 17  253 322 283 328 205 77  248 449 163 154 109 283 189 167 75  66  256 148 364 252 171 365 99  347 52  315 129 272 105 172 260 254 321 65  366 181 111 291 111 186
289 140 62  38  304 546 68  211 159 142 0   167 299 361 88  77  389 389 257 326 377 186 516 338 197 296 423 259 121 380 91  387 259 170 473 258 400 428 455 323 345 305 102 412 246 308 160 364 263 269 344 221 347 81  432 293 291 291 383 150 392 424 328 385 343 179 372 563 50  282 110 408 330 93  78  87  241 247 493 367 256 408 75  385 111 363 219 412 220 234 395 394 452 91  457 251 86  419 51  44 
295 98  137 145 358 435 235 87  246 30  167 0   216 383 252 237 366 236 214 301 218 200 390 174 285 129 398 274 79  226 76  245 92  78  323 108 232 356 305 335 378 337 207 259 81  333 17  198 97  103 368 149 285 246 311 353 126 130 343 17  237 323 300 341 189 92  241 444 183 124 115 253 171 197 105 85  282 123 353 249 182 380 115 364 64  330 141 255 111 189 231 234 309 82  369 195 123 261 131 211
154 310 237 261 251 247 357 295 239 208 299 216 0   229 383 325 171 372 67  118 339 149 227 204 255 219 197 157 188 360 238 148 224 147 230 287 294 140 216 186 240 209 250 192 184 200 232 287 194 196 221 79  72  374 145 257 258 175 137 219 188 125 114 132 161 133 114 267 341 280 316 379 175 248 225 264 194 323 225 87  42  179 296 172 258 133 82  207 105 75  331 211 196 265 160 55  312 376 298 330
87  449 311 331 80  370 384 470 209 360 361 383 229 0   411 334 99  588 182 112 558 188 392 431 184 436 115 109 314 576 358 372 430 305 442 482 522 215 432 47  28  56  262 417 389 53  394 510 404 408 17  245 182 402 334 97  468 396 136 377 416 281 117 146 391 293 336 405 411 484 437 598 403 270 324 382 120 505 421 302 229 115 404 93  391 118 254 434 295 201 554 440 406 386 265 205 422 598 392 365
350 201 147 124 343 630 27  281 201 229 88  252 383 411 0   77  454 459 335 395 452 256 603 425 230 381 487 320 210 452 178 476 342 259 562 332 482 505 544 379 390 355 152 500 332 359 242 445 349 355 394 306 425 8   519 329 371 379 454 235 480 508 398 457 432 267 460 649 75  358 167 479 418 148 167 167 293 312 582 454 340 474 143 449 190 432 305 500 308 313 472 482 540 170 538 332 145 493 122 52 
276 218 105 92  266 572 52  288 124 209 77  237 325 334 77  0   380 465 271 324 451 188 551 400 153 363 414 246 175 456 161 434 329 220 522 333 469 440 505 303 313 278 80  464 309 283 232 435 328 334 317 252 360 69  467 252 362 352 383 220 446 450 327 387 398 225 414 593 107 356 187 483 388 78  134 162 217 324 536 403 284 401 152 376 186 361 254 467 265 252 467 452 497 167 475 272 162 494 129 44 
104 448 330 353 168 271 427 451 259 350 389 366 171 99  454 380 0   543 152 66  511 202 296 374 247 390 34  134 312 531 362 297 393 288 357 453 463 118 350 89  124 126 301 341 352 115 380 458 363 366 103 217 105 445 245 183 428 347 42  364 345 188 66  51  328 274 260 306 438 449 444 550 345 306 334 388 169 483 331 225 188 20  415 5   391 38  225 360 262 177 501 371 321 391 167 171 433 547 408 404
502 258 372 376 580 492 450 178 482 266 389 236 372 588 459 465 543 0   406 486 35  424 426 178 520 153 569 488 315 12  306 289 160 296 311 131 115 486 298 541 591 551 444 263 199 546 236 93  183 179 576 343 442 456 377 579 121 196 509 251 242 421 484 503 229 305 314 482 384 112 292 20  206 433 340 302 505 148 362 344 360 551 318 544 278 505 334 243 294 387 62  216 324 298 476 383 314 39  340 432
97  297 194 219 189 303 308 300 174 197 257 214 67  182 335 271 152 406 0   86  376 86  290 251 188 253 184 93  163 394 214 213 249 135 297 304 342 171 283 135 187 151 192 255 208 143 228 328 222 226 170 66  90  326 211 193 286 214 133 212 249 182 86  133 216 122 181 327 303 304 295 415 224 192 191 240 127 332 293 155 48  167 269 150 241 117 75  269 114 26  372 270 263 242 204 22  287 416 266 282
60  382 266 290 153 283 367 387 207 283 326 301 118 112 395 324 66  486 86  0   455 140 291 322 203 333 100 84  246 474 296 259 332 222 331 390 413 129 321 74  128 107 243 304 291 96  315 404 304 307 107 152 72  386 226 164 368 291 59  298 304 178 6   65  280 209 223 314 374 388 378 494 294 247 268 322 125 419 313 190 127 83  349 63  325 37  161 322 199 112 448 328 295 325 175 107 367 493 343 344
472 252 355 361 553 456 441 171 461 248 377 218 339 558 452 451 511 35  376 455 0   399 391 142 497 122 536 460 294 25  291 253 135 272 276 120 82  451 263 511 562 523 425 228 171 517 220 58  154 150 546 314 408 448 342 552 95  164 475 234 207 386 452 469 194 279 278 447 377 95  286 39  171 415 323 290 479 147 327 309 329 518 309 511 266 472 305 208 265 358 32  181 289 286 440 353 307 43  331 421
106 260 128 151 157 389 229 286 90  175 186 200 149 188 256 188 202 424 86  140 399 0   375 295 112 281 236 79  127 413 170 284 264 128 371 306 382 252 355 144 180 138 107 323 227 136 209 360 245 251 172 98  172 247 295 154 304 250 198 192 312 268 143 201 271 119 255 412 235 314 250 437 272 109 136 194 82  323 373 235 113 221 217 198 203 177 105 333 139 74  402 327 340 198 289 93  235 441 208 204
349 489 456 479 444 70  578 442 465 397 516 390 227 392 603 551 296 426 290 291 391 375 0   262 477 312 295 365 396 416 440 151 345 348 120 409 311 178 129 364 414 399 477 163 320 387 407 334 315 313 392 298 221 595 83  455 356 278 256 401 186 114 285 246 217 338 149 56  552 387 505 421 243 474 438 462 406 454 68  149 267 286 496 300 449 274 298 183 297 302 365 210 102 462 131 282 509 408 504 551
349 257 295 310 438 323 406 192 373 196 338 174 204 431 425 400 374 178 251 322 142 295 262 0   404 54  397 342 225 166 246 115 94  185 164 150 91  309 147 385 438 403 352 103 92  395 186 85  76  71  421 199 269 418 203 440 94  48  337 190 78  244 319 330 51  185 136 319 357 125 283 180 29  344 265 259 368 196 207 166 203 379 288 375 238 336 191 90  155 238 128 64  163 256 298 229 295 174 305 381
145 316 165 177 113 481 205 363 40  256 197 285 255 184 230 153 247 520 188 203 497 112 477 404 0   385 278 119 206 509 230 396 362 226 482 394 489 332 467 161 161 130 95  435 329 137 289 464 348 354 168 210 260 222 399 99  402 358 261 272 424 365 208 268 382 221 366 508 244 407 295 534 383 106 191 247 79  402 481 343 224 268 258 242 265 237 216 445 248 183 504 439 450 252 375 201 274 541 239 189
350 205 260 271 433 371 364 137 351 155 296 129 219 436 381 363 390 153 253 333 122 281 312 54  385 0   416 339 192 141 205 162 41  159 219 96  106 339 201 389 440 401 323 156 56  395 139 78  37  31  424 193 289 375 247 433 45  44  356 146 131 281 330 350 95  163 177 369 310 74  232 162 69  314 229 213 360 142 260 201 207 398 241 390 191 351 184 144 144 236 120 118 216 210 335 231 246 162 259 340
137 481 364 388 191 264 460 483 292 382 423 398 197 115 487 414 34  569 184 100 536 236 295 397 278 416 0   167 346 557 396 313 421 320 368 482 485 118 362 117 143 152 335 357 381 143 413 482 391 394 124 249 127 479 254 207 455 373 60  397 363 195 99  67  349 306 277 300 472 477 478 575 368 340 368 422 200 514 337 242 218 18  449 38  424 67  257 377 292 210 525 390 331 425 164 202 467 571 442 438
30  339 205 227 96  364 293 361 125 251 259 274 157 109 320 246 134 488 93  84  460 79  365 342 119 339 167 0   205 476 249 305 328 198 386 376 432 212 373 64  104 63  167 348 288 59  285 416 305 309 93  145 144 311 292 100 367 302 143 268 342 251 89  149 308 187 271 393 309 381 329 499 316 173 215 273 42  397 377 243 140 155 296 129 282 119 154 362 194 103 459 363 352 277 257 114 314 501 285 271
229 136 69  87  282 430 187 160 167 50  121 79  188 314 210 175 312 315 163 246 294 127 396 225 206 192 346 205 0   304 50  266 162 49  352 188 298 325 334 269 307 265 131 291 137 263 84  268 156 162 299 110 247 202 313 277 200 177 296 67  272 310 247 296 224 58  251 445 156 202 132 330 213 122 43  77  207 198 372 247 147 329 108 310 78  280 106 293 99  137 305 277 330 79  349 150 124 338 109 161
490 251 362 366 568 481 442 171 471 256 380 226 360 576 452 456 531 12  394 474 25  413 416 166 509 141 557 476 304 0   296 277 149 285 301 122 107 475 288 529 579 540 434 253 187 534 226 82  171 167 564 331 429 448 366 567 109 184 497 241 232 410 471 491 218 293 302 472 377 102 285 27  194 423 330 293 494 142 352 333 348 539 310 532 269 493 322 233 282 375 54  206 314 289 464 371 307 42  332 423
275 91  67  70  319 477 160 135 190 50  91  76  238 358 178 161 362 306 214 296 291 170 440 246 230 205 396 249 50  296 0   303 168 93  387 174 309 376 368 314 349 307 142 324 154 306 70  274 171 177 342 160 298 171 358 311 201 200 347 59  303 358 297 347 255 106 292 490 114 195 82  323 240 131 38  26  246 173 411 293 197 379 57  359 35  330 156 323 143 188 306 304 368 29  398 201 74  334 63  135
302 341 332 352 399 209 453 291 373 256 387 245 148 372 476 434 297 289 213 259 253 284 151 115 396 162 313 305 266 277 303 0   193 217 88  258 183 209 71  331 386 358 370 44  170 348 261 195 164 162 366 189 193 468 88  406 206 127 256 258 51  135 254 247 66  210 36  207 418 236 361 288 92  364 309 323 341 303 108 71  172 297 356 299 307 262 185 64  169 213 233 79  64  322 189 196 367 278 367 427
342 164 227 237 419 400 327 99  326 120 259 92  224 430 342 329 393 160 249 332 135 264 345 94  362 41  421 328 162 149 168 193 0   137 257 67  140 354 239 382 431 391 293 193 40  386 100 106 32  32  417 184 296 337 275 418 39  66  362 109 169 303 330 357 128 144 202 401 271 56  191 173 103 284 195 175 345 110 296 223 205 403 201 392 152 355 175 183 135 228 142 158 251 171 355 226 206 178 220 304
217 164 116 135 285 383 236 165 191 63  170 78  147 305 259 220 288 296 135 222 272 128 348 185 226 159 320 198 49  285 93  217 137 0   303 178 264 286 285 257 302 261 167 243 103 257 92  237 122 128 290 73  211 251 265 282 176 137 266 76  225 265 222 265 177 14  202 397 204 186 168 310 169 159 92  118 210 200 323 199 108 302 151 286 111 253 66  246 50  110 277 232 281 119 306 118 166 315 156 209
380 416 419 439 478 190 540 356 461 338 473 323 230 442 562 522 357 311 297 331 276 371 120 164 482 219 368 386 352 301 387 88  257 303 0   315 195 253 18  405 459 434 458 64  243 424 338 222 233 229 438 277 260 554 114 485 258 196 315 337 88  173 325 306 134 297 116 173 501 288 438 304 155 453 395 405 424 361 52  143 258 354 437 361 387 326 273 75  256 298 249 102 36  403 218 280 447 290 450 513
394 134 241 244 463 466 321 53  355 138 258 108 287 482 332 333 453 131 304 390 120 306 409 150 394 96  482 376 188 122 174 258 67  178 315 0   163 420 297 434 480 439 314 253 103 435 106 122 99  99  468 238 359 328 341 460 57  132 424 122 228 370 388 419 191 189 269 465 257 30  167 149 166 303 210 171 388 46  357 290 264 464 189 452 147 415 229 240 190 282 141 213 313 167 422 283 187 161 211 301
440 294 366 377 528 379 467 216 455 260 400 232 294 522 482 469 463 115 342 413 82  382 311 91  489 106 485 432 298 107 309 183 140 264 195 163 0   390 183 476 529 493 429 151 162 486 240 41  143 137 512 288 358 477 270 530 112 131 425 249 133 319 409 417 135 267 214 367 410 132 325 109 119 420 335 315 458 203 247 247 294 467 340 464 292 425 280 130 242 329 54  105 210 311 373 320 343 96  360 444
189 450 365 389 276 156 479 433 331 349 428 356 140 215 505 440 118 486 171 129 451 252 178 309 332 339 118 212 325 475 376 209 354 286 253 420 390 0   248 194 239 231 359 250 316 220 372 395 322 323 217 215 80  497 138 289 382 295 80  360 260 79  123 70  258 273 176 189 473 408 455 489 280 361 358 402 254 458 219 143 178 107 433 123 398 101 221 272 245 194 436 289 217 404 49  177 450 483 433 453
367 397 401 421 466 198 522 338 445 320 455 305 216 432 544 505 350 298 283 321 263 355 129 147 467 201 362 373 334 288 368 71  239 285 18  297 183 248 0   394 448 423 441 46  225 412 320 208 215 211 428 261 250 536 110 473 242 177 308 319 70  169 315 298 116 279 102 184 483 272 420 292 137 436 377 386 410 343 64  131 242 347 419 353 369 317 256 58  239 283 237 86  32  385 216 266 428 278 431 495
40  404 269 291 82  350 352 423 178 313 323 335 186 47  379 303 89  541 135 74  511 144 364 385 161 389 117 64  269 529 314 331 382 257 405 434 476 194 394 0   54  37  227 376 342 26  347 463 357 361 35  197 146 370 300 95  420 349 114 330 374 251 80  123 346 245 295 383 373 437 394 550 357 234 280 338 86  458 388 263 182 109 361 83  346 92  207 392 247 153 507 397 369 342 243 157 379 551 350 331
89  440 297 316 53  395 364 465 190 354 345 378 240 28  390 313 124 591 187 128 562 180 414 438 161 440 143 104 307 579 349 386 431 302 459 480 529 239 448 54  0   42  244 430 391 45  389 516 407 411 22  247 199 382 353 69  470 401 159 371 428 302 133 169 400 291 350 429 394 485 426 601 411 252 313 372 104 502 440 317 235 142 391 119 383 140 256 447 297 203 559 452 423 376 289 210 409 602 378 347
55  398 256 276 45  387 328 423 153 312 305 337 209 56  355 278 126 551 151 107 523 138 399 403 130 401 152 63  265 540 307 358 391 261 434 439 493 231 423 37  42  0   206 401 352 11  347 478 368 373 39  208 179 346 333 58  430 364 152 329 398 285 113 161 367 250 322 419 355 445 384 562 376 214 271 330 64  460 420 291 199 146 350 120 341 129 217 417 258 165 522 420 399 334 279 173 368 564 337 309
197 224 75  83  201 495 125 278 56  177 102 207 250 262 152 80  301 444 192 243 425 107 477 352 95  323 335 167 131 434 142 370 293 167 458 314 429 359 441 227 244 206 0   403 267 209 208 399 286 292 245 182 280 143 394 190 331 304 303 192 387 373 247 307 341 167 346 517 151 332 201 460 335 11  104 156 142 316 467 331 209 321 163 297 176 280 185 408 204 175 436 397 430 161 396 195 179 469 144 104
346 351 359 378 443 228 479 292 410 275 412 259 192 417 500 464 341 263 255 304 228 323 163 103 435 156 357 348 291 253 324 44  193 243 64  253 151 250 46  376 430 401 403 0   179 392 274 171 169 165 410 225 237 493 120 449 197 131 300 274 24  174 299 291 70  238 81  219 438 228 374 259 91  397 334 341 383 299 104 116 212 341 373 343 323 306 220 22  199 253 204 47  61  340 226 237 383 248 386 453
302 172 205 218 381 371 314 123 295 103 246 81  184 389 332 309 352 199 208 291 171 227 320 92  329 56  381 288 137 187 154 170 40  103 243 103 162 316 225 342 391 352 267 179 0   346 95  134 19  25  377 144 256 326 246 380 78  48  321 97  156 269 289 317 109 108 173 375 264 97  194 210 89  258 175 166 307 143 277 190 164 362 197 352 146 314 135 173 94  188 174 152 232 164 320 186 205 214 212 289
46  397 257 277 57  376 333 420 158 310 308 333 200 53  359 283 115 546 143 96  517 136 387 395 137 395 143 59  263 534 306 348 386 257 424 435 486 220 412 26  45  11  209 392 346 0   344 471 362 366 36  202 168 351 322 69  424 357 141 326 388 274 102 149 358 246 312 408 358 439 384 556 368 217 271 329 67  456 409 281 191 136 350 110 339 118 211 407 251 159 515 411 388 333 268 166 368 557 338 313
307 81  135 140 366 452 226 76  250 34  160 17  232 394 242 232 380 236 228 315 220 209 407 186 289 139 413 285 84  226 70  261 100 92  338 106 240 372 320 347 389 347 208 274 95  344 0   204 110 115 379 164 301 236 328 361 131 144 358 17  251 340 314 356 204 106 258 461 171 125 99  253 185 197 104 74  291 114 369 266 198 395 102 378 52  345 156 269 127 203 235 248 325 71  386 210 109 263 120 204
426 254 333 343 511 399 431 175 429 226 364 198 287 510 445 435 458 93  328 404 58  360 334 85  464 78  482 416 268 82  274 195 106 237 222 122 41  395 208 463 516 478 399 171 134 471 204 0   115 109 499 270 354 440 283 511 74  114 422 215 149 328 401 415 137 242 221 390 372 92  285 94  115 390 302 278 438 162 272 252 281 464 302 459 254 420 261 151 222 312 43  124 232 274 382 306 304 89  322 408
318 183 224 237 398 369 331 126 314 121 263 97  194 404 349 328 363 183 222 304 154 245 315 76  348 37  391 305 156 171 171 164 32  122 233 99  143 322 215 357 407 368 286 169 19  362 110 115 0   6   392 159 266 343 244 398 64  37  332 114 145 271 302 327 100 127 171 371 280 86  207 194 77  277 193 182 325 141 269 191 177 373 212 363 161 325 150 161 110 203 156 138 224 180 323 200 219 196 229 307
322 187 230 242 403 368 337 129 319 126 269 103 196 408 355 334 366 179 226 307 150 251 313 71  354 31  394 309 162 167 177 162 32  128 229 99  137 323 211 361 411 373 292 165 25  366 115 109 6   0   396 164 268 348 242 403 61  34  334 119 141 271 305 329 97  132 170 369 286 85  212 189 74  283 199 188 330 142 266 191 181 376 217 366 167 328 155 156 115 207 151 133 221 185 323 204 224 191 234 313
74  433 294 314 67  374 368 455 192 345 344 368 221 17  394 317 103 576 170 107 546 172 392 421 168 424 124 93  299 564 342 366 417 290 438 468 512 217 428 35  22  39  245 410 377 36  379 499 392 396 0   232 178 385 331 84  455 385 137 361 409 280 112 147 382 279 329 407 394 471 421 586 393 253 307 366 103 491 419 296 218 121 387 98  375 118 242 427 282 188 543 432 402 370 267 193 405 586 375 348
158 237 159 183 240 325 280 234 184 136 221 149 79  245 306 252 217 343 66  152 314 98  298 199 210 193 249 145 110 331 160 189 184 73  277 238 288 215 261 197 247 208 182 225 144 202 164 270 159 164 232 0   139 297 215 241 222 157 194 149 214 203 151 192 172 59  163 342 262 239 239 354 175 178 146 186 169 266 285 150 37  231 218 216 183 181 9   235 49  44  313 229 248 188 239 46  234 355 219 253
127 376 284 309 224 220 398 366 255 274 347 285 72  182 425 360 105 442 90  72  408 172 221 269 260 289 127 144 247 429 298 193 296 211 260 359 358 80  250 146 199 179 280 237 256 168 301 354 266 268 178 139 0   416 154 234 329 245 67  287 240 107 66  61  222 197 156 248 393 352 378 447 240 281 279 324 186 394 241 121 103 110 355 107 322 69  145 256 174 113 398 266 224 326 117 97  372 444 354 372
341 198 138 116 335 622 18  277 192 222 81  246 374 402 8   69  445 456 326 386 448 247 595 418 222 375 479 311 202 448 171 468 337 251 554 328 477 497 536 370 382 346 143 493 326 351 236 440 343 348 385 297 416 0   511 321 366 372 445 229 473 499 389 449 424 259 452 640 72  354 164 475 411 139 159 161 284 309 574 445 331 465 139 440 185 423 297 493 300 305 467 476 533 165 530 324 141 489 117 44 
280 410 372 395 378 125 495 369 385 316 432 311 145 334 519 467 245 377 211 226 342 295 83  203 399 247 254 292 313 366 358 88  275 265 114 341 270 138 110 300 353 333 394 120 246 322 328 283 244 242 331 215 154 511 0   387 292 208 203 321 136 59  220 193 153 254 72  132 469 322 425 376 179 391 354 380 332 385 87  65  184 240 414 249 368 216 214 142 215 221 321 164 78  380 107 201 427 366 421 468
107 401 253 269 16  445 304 438 133 326 293 353 257 97  329 252 183 579 193 164 552 154 455 440 99  433 207 100 277 567 311 406 418 282 485 460 530 289 473 95  69  58  190 449 380 69  361 511 398 403 84  241 234 321 387 0   458 399 210 343 443 341 170 219 408 274 371 477 341 469 384 591 415 200 273 332 73  475 474 342 240 202 347 177 346 187 250 463 289 202 554 463 450 337 338 214 365 594 331 288
381 181 262 270 459 415 357 106 365 155 291 126 258 468 371 362 428 121 286 368 95  304 356 94  402 45  455 367 200 109 201 206 39  176 258 57  112 382 242 420 470 430 331 197 78  424 131 74  64  61  455 222 329 366 292 458 0   87  395 142 173 326 366 390 140 184 222 413 297 30  212 133 114 321 231 204 384 102 302 246 241 437 228 428 180 389 213 183 173 266 105 156 258 200 379 264 230 139 248 335
311 220 247 262 398 333 360 164 326 150 291 130 175 396 379 352 347 196 214 291 164 250 278 48  358 44  373 302 177 184 200 127 66  137 196 132 131 295 177 349 401 364 304 131 48  357 144 114 37  34  385 157 245 372 208 399 87  0   312 145 108 239 288 307 62  138 136 334 312 115 243 203 41  296 218 214 326 176 231 159 167 355 245 347 195 309 148 125 110 198 158 104 186 212 292 191 253 202 260 334
116 430 322 346 197 236 427 426 267 329 383 343 137 136 454 383 42  509 133 59  475 198 256 337 261 356 60  143 296 497 347 256 362 266 315 424 425 80  308 114 159 152 303 300 321 141 358 422 332 334 137 194 67  445 203 210 395 312 0   343 304 147 55  10  289 252 219 270 431 418 428 515 307 306 322 373 182 457 289 184 161 42  402 45  374 24  201 320 235 159 465 331 279 375 129 148 419 511 397 402
290 91  121 128 348 444 218 94  233 17  150 17  219 377 235 220 364 251 212 298 234 192 401 190 272 146 397 268 67  241 59  258 109 76  337 122 249 360 319 330 371 329 192 274 97  326 17  215 114 119 361 149 287 229 321 343 142 145 343 0   252 330 298 341 203 90  252 454 166 139 103 268 186 182 89  68  273 131 366 258 184 379 99  362 49  329 142 270 115 186 248 250 322 66  375 195 109 277 114 194
342 328 341 359 438 250 459 268 398 253 392 237 188 416 480 446 345 242 249 304 207 312 186 78  424 131 363 342 272 232 303 51  169 225 88  228 133 260 70  374 428 398 387 24  156 388 251 149 145 141 409 214 240 473 136 443 173 108 304 252 0   186 299 296 48  221 85  242 417 203 351 240 67  381 315 320 375 274 129 120 204 346 351 347 301 309 208 21  183 244 184 28  85  318 240 229 361 230 365 433
235 421 362 386 331 122 482 391 356 322 424 323 125 281 508 450 188 421 182 178 386 268 114 244 365 281 195 251 310 410 358 135 303 265 173 370 319 79  169 251 302 285 373 174 269 274 340 328 271 271 280 203 107 499 59  341 326 239 147 330 186 0   171 137 192 252 107 144 465 354 432 422 216 372 349 383 293 411 142 80  168 182 416 193 374 162 205 196 217 197 367 215 137 384 54  177 431 414 420 455
66  382 268 292 159 277 371 386 212 283 328 300 114 117 398 327 66  484 86  6   452 143 285 319 208 330 99  89  247 471 297 254 330 222 325 388 409 123 315 80  133 113 247 299 289 102 314 401 302 305 112 151 66  389 220 170 366 288 55  298 299 171 0   60  276 208 218 308 377 386 379 491 290 250 270 323 130 418 307 184 124 82  350 64  325 34  160 317 197 111 445 324 289 326 170 105 368 490 345 347
123 429 324 348 206 227 430 424 272 328 385 341 132 146 457 387 51  503 133 65  469 201 246 330 268 350 67  149 296 491 347 247 357 265 306 419 417 70  298 123 169 161 307 291 317 149 356 415 327 329 147 192 61  449 193 219 390 307 10  341 296 137 60  0   282 251 211 260 433 413 428 508 301 310 323 373 189 453 279 175 158 50  402 55  373 31  199 311 232 158 458 323 269 375 120 147 420 504 398 406
312 282 293 311 405 275 411 226 355 205 343 189 161 391 432 398 328 229 216 280 194 271 217 51  382 95  349 308 224 218 255 66  128 177 134 191 135 258 116 346 400 367 341 70  109 358 204 137 100 97  382 172 222 424 153 408 140 62  289 203 48  192 276 282 0   174 84  274 368 170 304 231 26  334 266 271 339 237 168 115 168 332 303 329 253 290 165 68  137 207 178 57  123 270 246 194 313 225 317 385
205 178 122 143 276 372 244 178 188 77  179 92  133 293 267 225 274 305 122 209 279 119 338 185 221 163 306 187 58  293 106 210 144 14  297 189 267 273 279 245 291 250 167 238 108 246 106 242 127 132 279 59  197 259 254 274 184 138 252 90  221 252 208 251 174 0   193 386 214 195 182 317 168 160 100 130 201 212 314 189 94  289 163 272 125 239 52  242 41  97  283 230 274 132 293 104 179 322 167 217
267 339 314 336 365 198 436 297 345 248 372 241 114 336 460 414 260 314 181 223 278 255 149 136 366 177 277 271 251 302 292 36  202 202 116 269 214 176 102 295 350 322 346 81  173 312 258 221 171 170 329 163 156 452 72  371 222 136 219 252 85  107 218 211 84  193 0   203 405 251 356 315 110 341 293 314 308 313 122 35  142 261 347 262 300 225 161 100 152 182 261 113 85  313 161 164 360 307 356 410
374 542 502 525 465 37  623 498 501 449 563 444 267 405 649 593 306 482 327 314 447 412 56  319 508 369 300 393 445 472 490 207 401 397 173 465 367 189 184 383 429 419 517 219 375 408 461 390 371 369 407 342 248 640 132 477 413 334 270 454 242 144 308 260 274 386 203 0   601 443 558 476 300 516 486 513 435 511 120 197 309 293 547 311 501 290 343 239 347 342 421 266 158 513 140 321 560 463 553 596
339 126 109 84  353 586 70  206 207 163 50  183 341 411 75  107 438 384 303 374 377 235 552 357 244 310 472 309 156 377 114 418 271 204 501 257 410 473 483 373 394 355 151 438 264 358 171 372 280 286 394 262 393 72  469 341 297 312 431 166 417 465 377 433 368 214 405 601 0   284 92  404 352 142 116 97  291 237 525 403 299 457 69  434 119 411 259 436 254 279 398 416 482 100 501 296 70  418 51  62 
397 163 260 266 471 445 347 83  369 154 282 124 280 484 358 356 449 112 304 388 95  314 387 125 407 74  477 381 202 102 195 236 56  186 288 30  132 408 272 437 485 445 332 228 97  439 125 92  86  85  471 239 352 354 322 469 30  115 418 139 203 354 386 413 170 195 251 443 284 0   195 128 144 321 229 195 396 73  332 274 261 459 215 449 171 411 230 213 190 283 113 186 289 191 407 282 215 138 237 326
356 34  131 118 393 548 161 114 255 109 110 115 316 437 167 187 444 292 295 378 286 250 505 283 295 232 478 329 132 285 82  361 191 168 438 167 325 455 420 394 426 384 201 374 194 384 99  285 207 212 421 239 378 164 425 384 212 243 428 103 351 432 379 428 304 182 356 558 92  195 0   312 284 189 113 56  322 144 469 361 276 461 37  441 57  412 234 368 215 269 308 346 424 53  475 282 24  326 59  147
512 278 389 393 592 488 469 198 497 283 408 253 379 598 479 483 550 20  415 494 39  437 421 180 534 162 575 499 330 27  323 288 173 310 304 149 109 489 292 550 601 562 460 259 210 556 253 94  194 189 586 354 447 475 376 591 133 203 515 268 240 422 491 508 231 317 315 476 404 128 312 0   209 450 357 321 518 168 356 346 369 557 337 551 297 512 344 238 304 397 55  213 319 316 476 393 334 19  360 451
322 260 283 299 412 301 398 202 353 189 330 171 175 403 418 388 345 206 224 294 171 272 243 29  383 69  368 316 213 194 240 92  103 169 155 166 119 280 137 357 411 376 335 91  89  368 185 115 77  74  393 175 240 411 179 415 114 41  307 186 67  216 290 301 26  168 110 300 352 144 284 209 0   328 255 255 344 211 192 138 176 350 286 346 235 307 167 84  134 213 157 64  148 253 270 202 294 204 300 372
203 212 63  71  211 494 120 267 66  167 93  197 248 270 148 78  306 433 192 247 415 109 474 344 106 314 340 173 122 423 131 364 284 159 453 303 420 361 436 234 252 214 11  397 258 217 197 390 277 283 253 178 281 139 391 200 321 296 306 182 381 372 250 310 334 160 341 516 142 321 189 450 328 0   93  145 150 305 463 328 207 326 152 302 164 284 180 402 198 174 426 390 426 150 397 194 168 459 133 97 
243 128 31  44  281 470 144 173 151 75  78  105 225 324 167 134 334 340 191 268 323 136 438 265 191 229 368 215 43  330 38  309 195 92  395 210 335 358 377 280 313 271 104 334 175 271 104 302 193 199 307 146 279 159 354 273 231 218 322 89  315 349 270 323 266 100 293 486 116 229 113 357 255 93  0   59  209 212 415 289 183 352 81  331 73  304 143 335 141 166 336 319 373 63  385 182 99  367 75  118
300 69  82  76  340 501 152 126 207 66  87  85  264 382 167 162 388 302 240 322 290 194 462 259 247 213 422 273 77  293 26  323 175 118 405 171 315 402 386 338 372 330 156 341 166 329 74  278 182 188 366 186 324 161 380 332 204 214 373 68  320 383 323 373 271 130 314 513 97  195 56  321 255 145 59  0   268 163 431 315 223 405 33  385 24  356 181 338 166 214 308 319 387 5   423 227 48  332 46  131
66  336 193 212 75  406 266 367 92  256 241 282 194 120 293 217 169 505 127 125 479 82  406 368 79  360 200 42  207 494 246 341 345 210 424 388 458 254 410 86  104 64  142 383 307 67  291 438 325 330 103 169 186 284 332 73  384 326 182 273 375 293 130 189 339 201 308 435 291 396 322 518 344 150 209 268 0   405 417 281 171 189 287 163 280 158 178 395 216 131 481 394 390 272 299 145 305 521 273 246
418 110 241 240 480 510 305 38  362 148 247 123 323 505 312 324 483 148 332 419 147 323 454 196 402 142 514 397 198 142 173 303 110 200 361 46  203 458 343 458 502 460 316 299 143 456 114 162 141 142 491 266 394 309 385 475 102 176 457 131 274 411 418 453 237 212 313 511 237 73  144 168 211 305 212 163 405 0   403 332 295 496 173 482 141 446 258 286 221 308 173 259 359 158 463 312 167 183 196 288
367 449 436 457 465 138 558 395 464 364 493 353 225 421 582 536 331 362 293 313 327 373 68  207 481 260 337 377 372 352 411 108 296 323 52  357 247 219 64  388 440 420 467 104 277 409 369 272 269 266 419 285 241 574 87  474 302 231 289 366 129 142 307 279 168 314 122 120 525 332 469 356 192 463 415 431 417 403 0   138 260 324 464 335 415 303 283 121 273 299 301 149 44  430 178 280 476 342 475 531
236 348 307 329 334 186 429 312 326 252 367 249 87  302 454 403 225 344 155 190 309 235 149 166 343 201 242 243 247 333 293 71  223 199 143 290 247 143 131 263 317 291 331 116 190 281 266 252 191 191 296 150 121 445 65  342 246 159 184 258 120 80  184 175 115 189 35  197 403 274 361 346 138 328 289 315 281 332 138 0   122 225 349 227 304 190 149 135 149 161 293 148 109 316 133 141 363 339 356 402
145 273 194 218 236 290 314 265 204 171 256 182 42  229 340 284 188 360 48  127 329 113 267 203 224 207 218 140 147 348 197 172 205 108 258 264 294 178 242 182 235 199 209 212 164 191 198 281 177 181 218 37  103 331 184 240 241 167 161 184 204 168 124 158 168 94  142 309 299 261 276 369 176 207 183 223 171 295 260 122 0   200 255 187 219 151 42  224 74  41  325 223 226 225 202 26  271 369 256 287
125 464 349 372 187 258 447 465 280 365 408 380 179 115 474 401 20  551 167 83  518 221 286 379 268 398 18  155 329 539 379 297 403 302 354 464 467 107 347 109 142 146 321 341 362 136 395 464 373 376 121 231 110 465 240 202 437 355 42  379 346 182 82  50  332 289 261 293 457 459 461 557 350 326 352 405 189 496 324 225 200 0   432 26  407 49  239 361 274 193 508 373 317 408 155 184 450 554 426 424
324 65  94  80  357 534 132 139 217 99  75  115 296 404 143 152 415 318 269 349 309 217 496 288 258 241 449 296 108 310 57  356 201 151 437 189 340 433 419 361 391 350 163 373 197 350 102 302 212 217 387 218 355 139 414 347 228 245 402 99  351 416 350 402 303 163 347 547 69  215 37  337 286 152 81  33  287 173 464 349 255 432 0   412 50  384 213 370 200 244 328 349 420 33  456 258 18  350 23  114
99  445 326 350 162 277 422 450 254 347 385 364 172 93  449 376 5   544 150 63  511 198 300 375 242 390 38  129 310 532 359 299 392 286 361 452 464 123 353 83  119 120 297 343 352 110 378 459 363 366 98  216 107 440 249 177 428 347 45  362 347 193 64  55  329 272 262 311 434 449 441 551 346 302 331 385 163 482 335 227 187 26  412 0   388 38  224 363 261 175 502 373 324 388 172 169 430 548 405 399
307 57  101 98  354 490 176 103 224 52  111 64  258 391 190 186 391 278 241 325 266 203 449 238 265 191 424 282 78  269 35  307 152 111 387 147 292 398 369 346 383 341 176 323 146 339 52  254 161 167 375 183 322 185 368 346 180 195 374 49  301 374 325 373 253 125 300 501 119 171 57  297 235 164 73  24  280 141 415 304 219 407 50  388 0   358 177 319 157 215 284 299 371 20  417 226 60  308 68  155
92  414 302 326 174 258 405 415 243 315 363 330 133 118 432 361 38  505 117 37  472 177 274 336 237 351 67  119 280 493 330 262 355 253 326 415 425 101 317 92  140 129 280 306 314 118 345 420 325 328 118 181 69  423 216 187 389 309 24  329 309 162 34  31  290 239 225 290 411 411 412 512 307 284 304 356 158 446 303 190 151 49  384 38  358 0   189 325 225 143 463 335 290 359 150 134 402 509 379 381
167 230 158 181 249 326 280 226 190 129 219 141 82  254 305 254 225 334 75  161 305 105 298 191 216 184 257 154 106 322 156 185 175 66  273 229 280 221 256 207 256 217 185 220 135 211 156 261 150 155 242 9   145 297 214 250 213 148 201 142 208 205 160 199 165 52  161 343 259 230 234 344 167 180 143 181 178 258 283 149 42  239 213 224 177 189 0   229 40  53  304 222 245 183 242 54  229 346 215 253
361 344 362 380 458 249 479 282 419 272 412 255 207 434 500 467 360 243 269 322 208 333 183 90  445 144 377 362 293 233 323 64  183 246 75  240 130 272 58  392 447 417 408 22  173 407 269 151 161 156 427 235 256 493 142 463 183 125 320 270 21  196 317 311 68  242 100 239 436 213 368 238 84  402 335 338 395 286 121 135 224 361 370 363 319 325 229 0   204 265 183 27  81  337 248 249 379 227 384 453
208 206 163 184 289 334 285 191 218 105 220 111 105 295 308 265 262 294 114 199 265 139 297 155 248 144 292 194 99  282 143 169 135 50  256 190 242 245 239 247 297 258 204 199 94  251 127 222 110 115 282 49  174 300 215 289 173 110 235 115 183 217 197 232 137 41  152 347 254 190 215 304 134 198 141 166 216 221 273 149 74  274 200 261 157 225 40  204 0   93  265 194 233 167 260 92  214 306 206 258
114 271 171 195 199 319 287 275 164 172 234 189 75  201 313 252 177 387 26  112 358 74  302 238 183 236 210 103 137 375 188 213 228 110 298 282 329 194 283 153 203 165 175 253 188 159 203 312 203 207 188 44  113 305 221 202 266 198 159 186 244 197 111 158 207 97  182 342 279 283 269 397 213 174 166 214 131 308 299 161 41  193 244 175 215 143 53  265 93  0   356 262 267 216 225 20  261 398 241 261
469 275 368 376 554 432 460 195 468 260 395 231 331 554 472 467 501 62  372 448 32  402 365 128 504 120 525 459 305 54  306 233 142 277 249 141 54  436 237 507 559 522 436 204 174 515 235 43  156 151 543 313 398 467 321 554 105 158 465 248 184 367 445 458 178 283 261 421 398 113 308 55  157 426 336 308 481 173 301 293 325 508 328 502 284 463 304 183 265 356 0   157 263 304 422 349 328 46  350 439
364 321 347 364 459 275 463 256 412 254 394 234 211 440 482 452 371 216 270 328 181 327 210 64  439 118 390 363 277 206 304 79  158 232 102 213 105 289 86  397 452 420 397 47  152 411 248 124 138 133 432 229 266 476 164 463 156 104 331 250 28  215 324 323 57  230 113 266 416 186 346 213 64  390 319 319 394 259 149 148 223 373 349 373 299 335 222 27  194 262 157 0   108 317 268 249 357 202 365 437
344 404 396 417 443 169 518 350 431 321 452 309 196 406 540 497 321 324 263 295 289 340 102 163 450 216 331 352 330 314 368 64  251 281 36  313 210 217 32  369 423 399 430 61  232 388 325 232 224 221 402 248 224 533 78  450 258 186 279 322 85  137 289 269 123 274 85  158 482 289 424 319 148 426 373 387 390 359 44  109 226 317 420 324 371 290 245 81  233 267 263 108 0   387 183 248 432 307 432 491
303 64  87  81  345 501 156 121 212 65  91  82  265 386 170 167 391 298 242 325 286 198 462 256 252 210 425 277 79  289 29  322 171 119 403 167 311 404 385 342 376 334 161 340 164 333 71  274 180 185 370 188 326 165 380 337 200 212 375 66  318 384 326 375 270 132 313 513 100 191 53  316 253 150 63  5   272 158 430 316 225 408 33  388 20  359 183 337 167 216 304 317 387 0   425 229 47  328 48  135
236 466 394 419 325 107 512 440 372 366 457 369 160 265 538 475 167 476 204 175 440 289 131 298 375 335 164 257 349 464 398 189 355 306 218 422 373 49  216 243 289 279 396 226 320 268 386 382 323 323 267 239 117 530 107 338 379 292 129 375 240 54  170 120 246 293 161 140 501 407 475 476 270 397 385 423 299 463 178 133 202 155 456 172 417 150 242 248 260 225 422 268 183 425 0   206 472 468 458 486
120 282 189 213 210 300 306 280 184 181 251 195 55  205 332 272 171 383 22  107 353 93  282 229 201 231 202 114 150 371 201 196 226 118 280 283 320 177 266 157 210 173 195 237 186 166 210 306 200 204 193 46  97  324 201 214 264 191 148 195 229 177 105 147 194 104 164 321 296 282 282 393 202 194 182 227 145 312 280 141 26  184 258 169 226 134 54  249 92  20  349 249 248 229 206 0   275 393 256 280
342 57  112 96  374 549 137 136 234 111 86  123 312 422 145 162 433 314 287 367 307 235 509 295 274 246 467 314 124 307 74  367 206 166 447 187 343 450 428 379 409 368 179 383 205 368 109 304 219 224 405 234 372 141 427 365 230 253 419 109 361 431 368 420 313 179 360 560 70  215 24  334 294 168 99  48  305 167 476 363 271 450 18  430 60  402 229 379 214 261 328 357 432 47  472 275 0   348 35  122
513 292 398 404 595 476 482 212 504 291 419 261 376 598 493 494 547 39  416 493 43  441 408 174 541 162 571 501 338 42  334 278 178 315 290 161 96  483 278 551 602 564 469 248 214 557 263 89  196 191 586 355 444 489 366 594 139 202 511 277 230 414 490 504 225 322 307 463 418 138 326 19  204 459 367 332 521 183 342 339 369 554 350 548 308 509 346 227 306 398 46  202 307 328 468 393 348 0   372 463
314 89  81  62  341 540 110 162 200 111 51  131 298 392 122 129 408 340 266 343 331 208 504 305 239 259 442 285 109 332 63  367 220 156 450 211 360 433 431 350 378 337 144 386 212 338 120 322 229 234 375 219 354 117 421 331 248 260 397 114 365 420 345 398 317 167 356 553 51  237 59  360 300 133 75  46  273 196 475 356 256 426 23  405 68  379 215 384 206 241 350 365 432 48  458 256 35  372 0   91 
301 179 95  74  301 578 27  253 157 186 44  211 330 365 52  44  404 432 282 344 421 204 551 381 189 340 438 271 161 423 135 427 304 209 513 301 444 453 495 331 347 309 104 453 289 313 204 408 307 313 348 253 372 44  468 288 335 334 402 194 433 455 347 406 385 217 410 596 62  326 147 451 372 97  118 131 246 288 531 402 287 424 114 399 155 381 253 453 258 261 439 437 491 135 486 280 122 463 91  0  
0          28194
21949      22049
20099      20209
7297       7316
10761      10840
14125      14126
17538      17668
12695      12769
20512      20583
217        344
27747      27829
6455       6532
17025      17131
4224       4289
7431       7465
22220      22257
14334      14410
21746      21770
23842      23919
1640       1736
18705      18771
16364      16442
10113      10149
12490      12555
26497      26520
19836      19884
25511      25549
23280      23382
708        815
15689      15761
19339      19428
11500      11624
23570      23684
16886      16956
22726      22778
18583      18662
2875       3020
8189       8230
18941      19088
4180       4244
23138      23276
17909      17976
21280      21382
1012       1107
24214      24248
20330      20437
16639      16695
26014      26042
17228      17278
20845      20941
9726       9814
10482      10541
23942      24015
5629       5704
6165       6197
24617      24641
561        645
26833      26876
25433      25529
24988      25023
11993      12057
25266      25353
2352       2408
16231      16283
10296      10419
16886      16972
6707       6794
27121      27232
21145      21231
4655       4746
14788      14896
8881       9012
406        523
24744      24828
1351       1401
5787       5819
2489       2502
11184      11327
6807       6852
8559       8621
25708      25802
5167       5192
16730      16820
3397       3444
12276      12324
15205      15290
12904      13012
8406       8513
13792      13830
11747      11791
13479      13598
3769       3814
7936       7992
17397      17516
18190      18276
9492       9626
13160      13273
19671      19773
9303       9347
1958       2030
