100
0   57  77  194 360 233 506 133 371 404 361 69  417 349 57  461 268 380 388 195 270 514 358 201 408 461 198 421 270 229 472 55  377 390 311 380 122 353 239 344 436 117 180 270 446 441 386 274 181 325 253 427 255 84  363 320 326 384 129 287 52  200 324 308 115 232 152 306 450 386 281 475 456 426 62  293 335 437 348 304 249 383 355 115 461 141 35  316 400 188 337 154 325 400 136 320 252 91  208 310
57  0   31  138 306 179 449 93  315 363 305 89  360 295 83  404 210 350 336 152 234 456 302 144 351 404 171 367 213 176 415 60  319 357 273 325 73  301 187 290 400 91  141 224 391 397 328 240 125 307 235 385 230 71  309 271 271 339 74  258 35  153 288 252 89  213 95  249 394 350 236 418 426 386 34  238 286 393 315 288 232 340 298 129 406 185 90  268 364 155 283 123 277 369 125 268 231 77  156 294
77  31  0   131 303 156 432 112 295 333 296 82  341 271 113 384 198 319 311 164 249 440 296 128 340 387 140 344 206 178 402 53  306 326 286 321 45  302 161 267 369 116 157 232 368 368 315 258 122 277 206 355 199 101 305 243 250 310 53  227 66  163 257 246 114 184 89  236 373 319 246 401 395 356 21  216 291 364 284 259 203 310 279 115 383 185 104 240 333 124 259 145 249 338 153 270 201 55  160 265
194 138 131 0   171 96  321 100 200 317 167 214 241 198 197 284 77  340 244 91  165 325 165 46  214 277 203 262 75  56  280 185 186 335 191 189 109 173 121 191 366 132 105 122 282 338 194 182 16  332 273 335 249 152 173 201 164 276 89  262 151 77  265 114 132 253 43  115 278 322 139 292 408 343 153 139 168 334 301 323 273 287 177 240 298 317 228 203 335 178 189 127 212 351 169 143 263 178 52  326
360 306 303 171 0   209 229 238 189 384 59  386 198 226 350 225 126 440 262 184 174 221 37  191 99  195 353 248 100 131 158 357 111 424 160 20  279 35  234 220 437 269 206 120 254 383 111 194 182 461 416 392 385 300 7   271 190 330 259 386 312 172 367 61  270 399 214 107 234 407 124 209 492 407 325 198 71  380 403 459 419 351 162 411 268 488 395 277 416 329 226 242 282 443 290 55  403 349 154 460
233 179 156 96  209 0   279 185 139 221 176 223 185 116 257 229 84  249 159 187 258 289 186 50  206 234 145 188 116 142 260 201 166 241 279 221 113 226 27  112 270 214 200 208 212 242 175 276 108 254 206 238 175 223 208 106 93  180 104 180 206 173 173 150 212 190 107 109 217 227 224 247 314 246 175 59  235 238 209 250 209 190 126 232 227 323 260 107 239 122 105 217 116 258 254 205 194 176 147 251
506 449 432 321 229 279 0   418 142 298 180 502 96  185 518 60  243 385 175 382 399 24  199 304 130 44  401 129 257 317 78  479 139 359 389 213 391 264 284 185 344 452 404 339 108 270 132 420 337 447 436 292 400 474 222 244 188 250 379 381 470 366 335 236 451 429 359 207 82  340 348 31  403 312 452 222 300 269 360 458 442 275 152 508 108 601 536 252 341 385 196 437 249 375 484 281 423 455 339 454
133 93  112 100 238 185 418 0   301 400 252 182 341 296 112 383 175 407 341 61  140 421 244 135 303 374 240 361 162 108 370 154 280 407 180 258 127 225 205 290 444 33  48  137 382 426 288 147 83  379 310 420 297 61  242 291 263 364 112 319 81  68  336 194 33  288 77  211 378 397 148 389 479 425 126 236 204 422 368 364 309 372 277 222 398 273 168 291 411 219 286 36  300 422 70  191 303 167 85  368
371 315 295 200 189 139 142 301 0   203 130 361 46  51  390 89  129 275 73  279 321 157 152 173 120 100 259 65  157 215 145 340 83  253 326 186 252 222 142 47  256 333 299 261 82  196 88  343 217 321 300 207 264 350 183 112 46  149 242 250 340 263 212 157 333 291 232 104 79  235 274 111 314 224 314 80  249 193 243 328 305 172 28  366 98  459 399 120 241 242 59  326 120 271 370 221 286 314 233 325
404 363 333 317 384 221 298 400 203 0   329 359 223 158 446 240 282 91  132 409 477 321 349 271 323 274 213 172 318 360 337 353 286 62  493 385 291 412 197 164 53  425 421 422 190 46  291 496 329 172 199 23  171 425 379 119 193 54  297 137 398 395 85  338 423 206 323 281 217 45  438 277 111 25  342 193 433 43  82  192 206 32  224 338 191 429 417 115 43  217 157 435 107 77  466 402 189 317 367 185
361 305 296 167 59  176 180 252 130 329 0   376 139 171 361 168 99  390 204 207 219 176 22  172 52  142 321 189 91  144 119 349 52  373 211 56  264 94  197 164 383 285 230 159 195 326 53  240 181 418 380 336 347 312 53  220 137 275 246 343 317 192 319 59  285 365 210 67  176 355 168 157 438 351 318 151 126 323 354 419 383 297 105 396 209 480 395 227 363 298 172 264 231 391 312 102 367 335 168 419
69  89  82  214 386 223 502 182 361 359 376 0   408 330 126 451 277 324 365 241 322 512 377 205 418 457 147 403 288 260 478 29  382 337 362 403 113 384 220 327 386 175 230 312 429 400 391 329 204 262 191 383 199 147 387 291 315 347 129 232 108 241 276 328 172 172 171 314 437 336 325 471 399 379 61  280 372 396 295 239 186 342 349 45  442 103 61  286 350 143 318 210 294 346 201 352 192 47  242 246
417 360 341 241 198 185 96  341 46  223 139 408 0   89  434 43  165 304 91  314 348 112 162 217 110 57  304 55  189 249 113 386 87  279 347 191 298 233 188 89  274 374 335 287 55  206 87  369 257 357 342 223 305 392 192 150 92  171 288 289 384 298 246 180 373 334 274 135 39  260 298 66  333 241 360 127 265 204 274 366 347 195 63  412 69  506 445 158 264 288 100 364 157 297 409 239 328 361 268 363
349 295 271 198 226 116 185 296 51  158 171 330 89  0   374 127 139 225 45  284 339 202 191 161 168 147 216 73  173 225 196 311 129 204 348 227 226 256 110 7   211 327 302 280 98  158 135 359 213 270 252 165 215 339 221 61  39  104 220 200 323 269 161 184 326 244 221 127 109 186 294 156 267 180 288 60  280 154 192 278 257 126 67  330 112 425 373 69  193 202 12  325 69  223 366 250 238 283 239 275
57  83  113 197 350 257 518 112 390 446 361 126 434 374 0   478 275 430 417 171 236 523 354 217 411 474 248 445 269 219 477 111 384 437 277 370 156 338 268 369 482 84  152 247 468 480 392 235 182 379 307 468 307 51  354 353 347 422 155 336 50  180 369 303 83  286 159 313 469 432 255 488 505 469 106 316 315 476 396 359 303 423 370 172 484 185 79  351 446 235 363 119 360 449 89  304 305 144 196 365
461 404 384 284 225 229 60  383 89  240 168 451 43  127 478 0   207 325 115 354 383 81  190 260 128 39  343 68  228 289 106 430 117 299 379 214 342 260 231 127 287 416 375 322 50  215 114 405 300 386 377 235 340 436 218 184 135 191 332 321 428 338 275 215 416 370 318 175 23  280 333 37  346 254 404 170 294 213 300 397 382 215 107 454 55  548 488 192 283 328 138 406 189 316 451 270 363 404 309 394
268 210 198 77  126 84  243 175 129 282 99  277 165 139 275 207 0   325 184 150 199 248 105 72  141 199 227 193 36  87  204 251 109 313 212 138 165 143 109 132 334 209 170 142 211 293 118 220 94  337 290 295 259 230 125 163 100 233 148 262 228 134 249 66  209 273 117 38  204 297 157 214 384 307 220 88  155 289 286 334 292 249 103 296 227 381 300 167 308 203 133 198 174 330 243 124 277 235 104 335
380 350 319 340 440 249 385 407 275 91  390 324 304 225 430 325 325 0   213 428 505 407 408 294 394 358 181 257 361 391 417 325 354 29  528 445 284 465 221 230 75  426 436 457 277 134 360 523 349 88  139 108 125 419 437 170 253 134 296 93  386 417 75  387 424 154 334 333 303 46  474 362 75  90  323 242 480 132 39  113 145 110 292 294 280 376 385 163 50  195 220 443 159 24  467 449 134 289 393 105
388 336 311 244 262 159 175 341 73  132 204 365 91  45  417 115 184 213 0   330 383 196 225 206 191 145 240 47  217 271 205 348 157 188 392 260 266 294 149 52  185 372 348 324 72  122 161 404 259 271 265 134 229 383 257 77  83  79  262 207 366 315 160 225 371 261 266 169 93  169 338 150 243 152 327 105 320 119 185 283 271 104 99  360 82  456 411 84  173 230 55  371 78  205 411 290 251 317 285 279
195 152 164 91  184 187 382 61  279 409 207 241 314 284 171 354 150 428 330 0   85  382 195 137 260 340 276 343 126 65  327 212 243 424 122 204 167 167 212 278 457 87  22  76  361 429 250 98  80  412 347 426 329 120 189 292 248 367 147 346 143 16  354 148 88  326 97  179 353 412 86  355 498 434 182 227 143 425 389 400 347 378 253 278 377 334 230 294 425 253 277 58  303 441 106 133 339 220 46  404
270 234 249 165 174 258 399 140 321 477 219 322 348 339 236 383 199 505 383 85  0   393 200 211 269 361 361 387 165 117 332 294 266 499 41  193 252 144 285 331 527 154 92  61  400 492 270 21  158 495 432 492 411 188 181 358 300 431 232 427 219 92  430 168 156 411 181 217 387 485 51  376 572 502 266 286 108 488 466 484 432 445 293 362 416 412 305 361 498 337 333 117 369 516 151 119 423 305 112 487
514 456 440 325 221 289 24  421 157 321 176 512 112 202 523 81  248 407 196 382 393 0   193 312 124 56  416 150 258 317 64  489 140 381 381 204 400 255 297 201 367 454 404 335 131 294 132 414 341 467 454 315 418 478 214 262 201 272 387 400 476 366 356 234 454 446 365 210 104 362 342 46  426 335 461 235 292 292 382 477 459 297 163 521 131 613 544 270 364 399 213 437 268 397 485 274 440 466 339 474
358 302 296 165 37  186 199 244 152 349 22  377 162 191 354 190 105 408 225 195 200 193 0   176 69  162 331 211 89  135 133 349 74  391 191 37  267 71  209 184 403 276 218 142 217 347 75  221 177 433 392 356 359 305 31  238 156 295 248 358 312 181 336 50  277 376 208 78  198 373 149 177 458 372 318 167 104 344 371 433 395 316 126 399 231 481 393 245 382 307 192 253 249 410 301 82  379 338 159 433
201 144 128 46  191 50  304 135 173 271 172 205 217 161 217 260 72  294 206 137 211 312 176 0   212 259 165 229 91  98  273 179 177 288 236 206 92  201 74  155 319 166 149 165 252 293 186 229 58  289 233 289 207 178 192 157 131 231 76  217 167 124 219 130 165 214 60  109 252 275 182 274 361 296 149 101 202 289 254 281 234 241 153 224 267 308 232 158 288 140 151 167 166 305 205 174 222 163 98  283
408 351 340 214 99  206 130 303 120 323 52  418 110 168 411 128 141 394 191 260 269 124 69  212 0   96  349 165 141 196 67  392 42  373 259 86  305 135 223 163 376 337 282 211 164 313 34  290 229 433 401 326 367 363 92  226 144 269 289 359 366 245 327 111 337 388 256 103 141 354 218 110 434 344 361 167 170 310 360 436 405 292 102 434 176 521 441 233 361 327 173 317 235 391 365 151 388 375 220 435
461 404 387 277 195 234 44  374 100 274 142 457 57  147 474 39  199 358 145 340 361 56  162 259 96  0   360 102 214 274 67  434 96  333 353 182 346 231 241 145 323 408 361 301 88  252 91  382 293 414 399 271 362 429 188 207 145 224 334 346 425 324 303 195 407 390 314 163 60  314 310 15  383 291 407 179 266 250 330 423 404 249 108 465 94  557 491 216 317 343 157 393 214 350 440 244 385 411 296 420
198 171 140 203 353 145 401 240 259 213 321 147 304 216 248 343 227 181 240 276 361 416 331 165 349 360 0   284 254 259 397 144 307 191 392 365 113 365 125 216 239 253 278 325 311 255 316 374 204 138 71  237 58  242 352 163 216 206 130 88  207 268 129 292 251 50  179 254 325 189 341 370 257 232 142 184 367 251 149 124 71  198 257 126 322 220 206 156 203 24  204 277 163 201 293 340 63  107 252 128
421 367 344 262 248 188 129 361 65  172 189 403 55  73  445 68  193 257 47  343 387 150 211 229 165 102 284 0   222 280 166 385 137 231 390 242 300 282 183 77  221 393 362 326 26  152 139 408 278 318 312 169 276 408 242 122 98  122 293 254 395 327 207 222 393 307 289 169 46  212 339 105 281 188 362 129 312 149 231 330 318 147 93  402 39  497 446 129 215 272 85  389 125 248 431 284 298 356 297 326
270 213 206 75  100 116 257 162 157 318 91  288 189 173 269 228 36  361 217 126 165 258 89  91  141 214 254 222 0   60  208 260 118 349 176 116 179 111 143 166 371 196 147 106 238 329 126 186 89  370 320 331 291 221 101 200 134 269 160 296 225 110 285 40  196 302 119 54  228 333 121 229 420 343 228 125 119 325 322 366 322 286 129 312 254 391 304 204 345 230 168 179 211 367 226 89  308 250 81  367
229 176 178 56  131 142 317 108 215 360 144 260 249 225 219 289 87  391 271 65  117 317 135 98  196 274 259 280 60  0   263 231 178 383 138 151 163 125 169 218 410 141 87  67  297 375 185 136 58  387 329 375 304 169 135 241 187 314 142 316 180 50  315 85  141 308 90  114 288 369 84  289 456 385 199 170 114 371 351 378 329 328 188 291 313 361 264 244 381 234 218 120 252 400 168 92  318 228 23  381
472 415 402 280 158 260 78  370 145 337 119 478 113 196 477 106 204 417 205 327 332 64  133 273 67  67  397 166 208 263 0   453 96  393 318 141 365 192 273 193 387 403 349 275 155 318 87  352 295 466 444 335 408 429 151 257 183 284 350 395 431 312 357 178 404 433 321 166 127 374 281 73  446 354 423 213 229 315 387 473 448 309 140 492 161 581 504 265 378 378 204 384 265 410 432 212 430 434 287 471
55  60  53  185 357 201 479 154 340 353 349 29  386 311 111 430 251 325 348 212 294 489 349 179 392 434 144 385 260 231 453 0   357 336 333 375 88  355 201 308 382 149 202 282 410 391 366 301 175 269 197 376 200 123 359 276 294 336 103 232 84  212 271 300 146 176 143 288 417 332 295 448 401 374 31  259 343 387 293 248 193 333 326 69  424 131 64  272 346 136 299 183 280 345 178 323 196 36  212 254
377 319 306 186 111 166 139 280 83  286 52  382 87  129 384 117 109 354 157 243 266 140 74  177 42  96  307 137 118 178 96  357 0   334 262 105 269 146 181 123 339 314 265 205 142 279 9   287 201 391 359 290 324 337 105 184 102 231 254 317 337 227 286 99  314 346 226 71  124 315 215 112 396 307 327 125 178 276 319 394 363 254 62  396 156 485 409 192 322 286 133 298 194 352 345 153 346 338 200 393
390 357 326 335 424 241 359 407 253 62  373 337 279 204 437 299 313 29  188 424 499 381 391 288 373 333 191 231 349 383 393 336 334 0   520 428 288 450 214 210 50  428 434 448 250 104 340 517 344 116 158 78  139 423 420 153 235 109 297 105 392 412 70  373 426 171 332 318 276 19  465 336 73  61  331 227 467 103 42  139 165 84  272 310 252 395 398 147 20  202 201 443 142 18  469 436 151 299 387 132
311 273 286 191 160 279 389 180 326 493 211 362 347 348 277 379 212 528 392 122 41  381 191 236 259 353 392 390 176 138 318 333 262 520 0   177 286 126 306 341 545 195 132 71  401 505 265 48  187 523 463 507 440 230 167 374 309 445 266 453 259 125 453 168 197 442 213 222 385 505 55  368 592 518 304 300 89  501 489 514 463 461 297 401 416 452 346 378 517 367 344 158 385 537 192 109 453 342 139 517
380 325 321 189 20  221 213 258 186 385 56  403 191 227 370 214 138 445 260 204 193 204 37  206 86  182 365 242 116 151 141 375 105 428 177 0   295 51  244 220 439 290 227 140 246 382 104 213 200 470 427 392 395 320 16  275 193 331 276 394 332 192 373 76  290 411 232 114 225 410 144 196 494 408 343 204 88  379 408 469 430 353 161 428 259 506 415 282 419 341 228 263 286 446 310 75  414 366 174 469
122 73  45  109 279 113 391 127 252 291 264 113 298 226 156 342 165 284 266 167 252 400 267 92  305 346 113 300 179 163 365 88  269 288 286 295 0   283 117 222 329 142 166 224 324 324 278 264 105 251 183 313 169 135 280 198 206 266 21  193 107 161 218 219 140 161 73  201 330 280 240 359 359 314 62  172 277 320 247 236 182 267 238 132 339 216 147 195 294 92  215 164 204 301 182 253 176 70  150 241
353 301 302 173 35  226 264 225 222 412 94  384 233 256 338 260 143 465 294 167 144 255 71  201 135 231 365 282 111 125 192 355 146 450 126 51  283 0   252 249 466 254 188 96  289 414 147 163 180 480 431 422 402 287 42  297 219 360 262 405 303 157 390 77  255 413 213 132 269 433 96  245 519 436 323 222 37  411 426 476 433 380 194 414 303 486 389 303 443 341 255 224 308 468 270 33  419 351 145 477
239 187 161 121 234 27  284 205 142 197 197 220 188 110 268 231 109 221 149 212 285 297 209 74  223 241 125 183 143 169 273 201 181 214 306 244 117 252 0   107 244 232 224 235 209 221 191 303 132 227 183 215 150 238 232 86  96  159 113 153 218 199 146 175 230 167 127 131 216 200 252 253 287 222 178 61  262 217 182 225 186 167 134 224 223 317 263 86  213 105 98  239 95  231 273 232 170 173 173 225
344 290 267 191 220 112 185 290 47  164 164 327 89  7   369 127 132 230 52  278 331 201 184 155 163 145 216 77  166 218 193 308 123 210 341 220 222 249 107 0   218 321 295 273 102 165 130 352 207 273 253 172 217 333 215 64  31  110 216 202 318 262 165 177 320 245 215 120 111 191 287 155 274 187 285 54  273 161 197 280 258 132 61  328 116 422 369 72  199 201 11  319 73  228 360 242 239 280 232 278
436 400 369 366 437 270 344 444 256 53  383 386 274 211 482 287 334 75  185 457 527 367 403 319 376 323 239 221 371 410 387 382 339 50  545 439 329 466 244 218 0   467 468 474 236 74  344 546 377 164 209 52  188 465 433 171 247 107 337 154 435 443 112 391 465 221 368 334 264 50  490 324 59  32  376 246 486 75  91  188 216 86  278 360 236 446 445 166 36  247 211 480 159 51  509 455 202 346 417 180
117 91  116 132 269 214 452 33  333 425 285 175 374 327 84  416 209 426 372 87  154 454 276 166 337 408 253 393 196 141 403 149 314 428 195 290 142 254 232 321 467 0   67  163 414 453 322 157 116 392 321 445 311 34  273 318 295 391 130 336 66  97  357 226 2   299 106 244 411 419 171 423 500 449 126 267 230 449 388 375 319 397 310 218 430 258 150 318 433 234 317 37  327 442 41  221 316 169 117 380
180 141 157 105 206 200 404 48  299 421 230 230 335 302 152 375 170 436 348 22  92  404 218 149 282 361 278 362 147 87  349 202 265 434 132 227 166 188 224 295 468 67  0   95  381 443 272 100 91  416 349 439 332 102 211 306 266 381 148 352 128 37  363 171 69  327 102 200 373 422 103 377 507 446 173 243 163 439 397 402 348 391 273 270 397 321 215 308 436 255 293 36  316 450 83  155 341 213 66  406
270 224 232 122 120 208 339 137 261 422 159 312 287 280 247 322 142 457 324 76  61  335 142 165 211 301 325 326 106 67  275 282 205 448 71  140 224 96  235 273 474 163 95  0   339 435 210 82  121 454 395 436 372 196 126 303 241 375 203 383 218 70  381 106 164 375 150 156 326 434 16  316 521 447 251 230 68  431 417 446 396 390 232 347 355 408 306 307 446 300 275 130 314 466 175 65  385 286 74  448
446 391 368 282 254 212 108 382 82  190 195 429 55  98  468 50  211 277 72  361 400 131 217 252 164 88  311 26  238 297 155 410 142 250 401 246 324 289 209 102 236 414 381 339 0   164 142 422 298 341 337 184 301 430 247 148 121 142 317 279 418 345 230 233 414 333 311 184 28  231 351 87  296 204 386 153 320 163 253 354 343 167 108 428 16  523 471 155 233 298 110 408 150 266 452 294 324 381 315 350
441 397 368 338 383 242 270 426 196 46  326 400 206 158 480 215 293 134 122 429 492 294 347 293 313 252 255 152 329 375 318 391 279 104 505 382 324 414 221 165 74  453 443 435 164 0   283 512 351 217 245 26  216 456 378 136 196 62  328 183 431 414 129 343 451 251 348 286 192 90  450 252 133 44  379 205 438 4   129 238 252 58  221 381 162 473 456 135 84  256 161 460 126 115 494 408 234 356 385 232
386 328 315 194 111 175 132 288 88  291 53  391 87  135 392 114 118 360 161 250 270 132 75  186 34  91  316 139 126 185 87  366 9   340 265 104 278 147 191 130 344 322 272 210 142 283 0   291 210 399 368 295 333 346 105 192 110 237 263 325 346 234 293 104 322 355 235 79  122 321 219 106 402 312 336 134 180 280 326 402 372 260 68  406 156 494 418 200 328 296 140 305 202 358 352 155 354 347 207 401
274 240 258 182 194 276 420 147 343 496 240 329 369 359 235 405 220 523 404 98  21  414 221 229 290 382 374 408 186 136 352 301 287 517 48  213 264 163 303 352 546 157 100 82  422 512 291 0   174 510 446 511 426 190 201 378 320 451 245 443 223 107 448 189 159 424 195 238 408 504 72  397 590 521 273 306 127 508 483 498 445 464 314 370 437 415 307 380 516 351 353 120 388 534 148 139 437 314 130 502
181 125 122 16  182 108 337 83  217 329 181 204 257 213 182 300 94  349 259 80  158 341 177 58  229 293 204 278 89  58  295 175 201 344 187 200 105 180 132 207 377 116 91  121 298 351 210 174 0   337 275 347 253 136 184 215 180 289 84  268 136 67  275 126 115 255 32  131 295 332 137 308 418 354 143 154 172 347 309 326 276 299 194 233 314 306 215 216 345 180 204 111 224 361 153 149 266 171 47  329
325 307 277 332 461 254 447 379 321 172 418 262 357 270 379 386 337 88  271 412 495 467 433 289 433 414 138 318 370 387 466 269 391 116 523 470 251 480 227 273 164 392 416 454 341 217 399 510 337 0   72  192 83  378 459 209 289 202 268 75  342 403 111 403 390 93  315 355 364 127 471 420 151 177 275 268 489 215 90  26  76  180 331 225 347 298 324 201 136 160 262 415 201 112 430 459 75  235 384 18 
253 235 206 273 416 206 436 310 300 199 380 191 342 252 307 377 290 139 265 347 432 454 392 233 401 399 71  312 320 329 444 197 359 158 463 427 183 431 183 253 209 321 349 395 337 245 368 446 275 72  0   222 36  307 414 192 261 211 201 62  270 340 117 356 319 21  250 314 356 163 412 408 212 212 203 234 436 242 119 53  6   195 304 156 346 237 253 184 175 95  241 346 187 162 359 407 13  163 323 58 
427 385 355 335 392 238 292 420 207 23  336 383 223 165 468 235 295 108 134 426 492 315 356 289 326 271 237 169 331 375 335 376 290 78  507 392 313 422 215 172 52  445 439 436 184 26  295 511 347 192 222 0   194 446 387 133 202 62  318 161 420 412 108 348 443 229 342 291 212 64  452 272 111 20  365 206 444 25  104 213 229 47  231 362 184 453 440 131 57  240 166 454 123 89  486 413 212 340 384 206
255 230 199 249 385 175 400 297 264 171 347 199 305 215 307 340 259 125 229 329 411 418 359 207 367 362 58  276 291 304 408 200 324 139 440 395 169 402 150 217 188 311 332 372 301 216 333 426 253 83  36  194 0   300 383 155 225 177 185 34  265 320 86  325 309 35  231 281 320 139 388 371 200 187 200 199 408 212 97  75  42  163 268 171 310 259 260 147 153 77  205 333 151 146 351 379 22  164 300 76 
84  71  101 152 300 223 474 61  350 425 312 147 392 339 51  436 230 419 383 120 188 478 305 178 363 429 242 408 221 169 429 123 337 423 230 320 135 287 238 333 465 34  102 196 430 456 346 190 136 378 307 446 300 0   304 324 309 396 128 327 39  129 354 254 32  285 118 267 429 416 205 444 494 449 105 279 264 452 383 360 304 400 328 191 446 225 117 323 430 224 328 71  332 437 55  253 303 148 146 365
363 309 305 173 7   208 222 242 183 379 53  387 192 221 354 218 125 437 257 189 181 214 31  192 92  188 352 242 101 135 151 359 105 420 167 16  280 42  232 215 433 273 211 126 247 378 105 201 184 459 414 387 383 304 0   267 186 326 260 384 315 176 364 61  274 398 216 104 227 403 130 202 488 402 327 194 78  375 399 457 417 347 157 413 261 490 398 273 412 328 222 247 278 439 295 62  402 350 158 457
320 271 243 201 271 106 244 291 112 119 220 291 150 61  353 184 163 170 77  292 358 262 238 157 226 207 163 122 200 241 257 276 184 153 374 275 198 297 86  64  171 318 306 303 148 136 192 378 215 209 192 133 155 324 267 0   83  74  198 138 303 278 101 221 317 185 213 165 165 136 319 216 222 144 257 75  316 132 134 216 197 87  123 284 159 379 340 8   146 153 53  324 11  171 359 285 178 244 250 213
326 271 250 164 190 93  188 263 46  193 137 315 92  39  347 135 100 253 83  248 300 201 156 131 144 145 216 98  134 187 183 294 102 235 309 193 206 219 96  31  247 295 266 241 121 196 110 320 180 289 261 202 225 309 186 83  0   140 197 215 297 232 184 146 294 250 191 89  123 217 255 157 301 217 268 34  241 193 218 293 265 160 42  320 136 413 353 90  226 198 36  291 93  253 333 211 247 268 202 291
384 339 310 276 330 180 250 364 149 54  275 347 171 104 422 191 233 134 79  367 431 272 295 231 269 224 206 122 269 314 284 336 231 109 445 331 266 360 159 110 107 391 381 375 142 62  237 451 289 202 211 62  177 396 326 74  140 0   267 149 372 352 95  286 390 212 286 229 168 90  390 227 165 76  322 145 382 57  112 217 218 25  170 333 146 427 401 73  93  204 104 398 64  126 433 351 199 302 324 212
129 74  53  89  259 104 379 112 242 297 246 129 288 220 155 332 148 296 262 147 232 387 248 76  289 334 130 293 160 142 350 103 254 297 266 276 21  262 113 216 337 130 148 203 317 328 263 245 84  268 201 318 185 128 260 198 197 267 0   207 105 141 227 200 128 179 52  185 321 289 219 348 369 321 73  164 256 324 258 254 200 271 226 152 332 233 157 196 303 107 209 148 205 311 171 232 193 89  129 258
287 258 227 262 386 180 381 319 250 137 343 232 289 200 336 321 262 93  207 346 427 400 358 217 359 346 88  254 296 316 395 232 317 105 453 394 193 405 153 202 154 336 352 383 279 183 325 443 268 75  62  161 34  327 384 138 215 149 207 0   293 336 55  328 334 68  249 280 300 105 400 353 169 152 229 193 415 180 63  78  69  132 258 205 287 293 293 130 118 102 191 355 132 113 376 385 51  196 314 76 
52  35  66  151 312 206 470 81  340 398 317 108 384 323 50  428 228 386 366 143 219 476 312 167 366 425 207 395 225 180 431 84  337 392 259 332 107 303 218 318 435 66  128 218 418 431 346 223 136 342 270 420 265 39  315 303 297 372 105 293 0   148 323 261 64  248 111 266 419 386 229 440 462 421 67  265 284 427 351 323 267 374 321 153 433 192 87  301 400 191 312 103 310 405 94  269 266 109 158 329
200 153 163 77  172 173 366 68  263 395 192 241 298 269 180 338 134 417 315 16  92  366 181 124 245 324 268 327 110 50  312 212 227 412 125 192 161 157 199 262 443 97  37  70  345 414 234 107 67  403 340 412 320 129 176 278 232 352 141 336 148 0   342 133 98  318 89  163 337 399 83  339 485 420 182 212 136 410 377 392 339 364 237 278 361 337 235 280 412 244 261 72  289 428 119 123 331 218 30  395
324 288 257 265 367 173 335 336 212 85  319 276 246 161 369 275 249 75  160 354 430 356 336 219 327 303 129 207 285 315 357 271 286 70  453 373 218 390 146 165 112 357 363 381 230 129 293 448 275 111 117 108 86  354 364 101 184 95  227 55  323 342 0   313 356 122 261 260 253 62  398 309 143 103 264 169 404 126 36  123 124 77  224 253 237 344 335 93  76  135 154 372 92  86  399 374 106 235 318 119
308 252 246 114 61  150 236 194 157 338 59  328 180 184 303 215 66  387 225 148 168 234 50  130 111 195 292 222 40  85  178 300 99  373 168 76  219 77  175 177 391 226 171 106 233 343 104 189 126 403 356 348 325 254 61  221 146 286 200 328 261 133 313 0   227 338 157 57  219 357 118 210 443 362 268 146 95  339 349 400 358 305 129 352 249 431 342 226 367 268 182 205 232 392 253 65  343 290 109 401
115 89  114 132 270 212 451 33  333 423 285 172 373 326 83  416 209 424 371 88  156 454 277 165 337 407 251 393 196 141 404 146 314 426 197 290 140 255 230 320 465 2   69  164 414 451 322 159 115 390 319 443 309 32  274 317 294 390 128 334 64  98  356 227 0   297 105 244 411 417 172 422 498 448 124 266 232 447 387 373 317 396 310 216 430 256 148 316 431 232 316 39  325 440 43  221 314 166 118 378
232 213 184 253 399 190 429 288 291 206 365 172 334 244 286 370 273 154 261 326 411 446 376 214 388 390 50  307 302 308 433 176 346 171 442 411 161 413 167 245 221 299 327 375 333 251 355 424 255 93  21  229 35  285 398 185 250 212 179 68  248 318 122 338 297 0   229 298 350 173 391 400 228 221 181 221 417 248 130 75  21  198 293 140 342 224 234 178 186 74  233 324 182 177 337 388 20  142 302 80 
152 95  89  43  214 107 359 77  232 323 210 171 274 221 159 318 117 334 266 97  181 365 208 60  256 314 179 289 119 90  321 143 226 332 213 232 73  213 127 215 368 106 102 150 311 348 235 195 32  315 250 342 231 118 216 213 191 286 52  249 111 89  261 157 105 229 0   155 310 321 166 329 405 347 111 161 204 344 295 303 250 294 211 200 327 274 185 213 335 155 211 112 222 347 146 182 242 138 76  306
306 249 236 115 107 109 207 211 104 281 67  314 135 127 313 175 38  333 169 179 217 210 78  109 103 163 254 169 54  114 166 288 71  318 222 114 201 132 131 120 334 244 200 156 184 286 79  238 131 355 314 291 281 267 104 165 89  229 185 280 266 163 260 57  244 298 155 0   174 301 170 178 387 305 258 91  152 282 296 354 317 248 76  331 200 417 338 171 311 231 125 231 176 336 277 122 301 272 134 354
450 394 373 278 234 217 82  378 79  217 176 437 39  109 469 23  204 303 93  353 387 104 198 252 141 60  325 46  228 288 127 417 124 276 385 225 330 269 216 111 264 411 373 326 28  192 122 408 295 364 356 212 320 429 227 165 123 168 321 300 419 337 253 219 411 350 310 174 0   257 337 60  324 232 392 157 302 191 278 376 362 193 101 439 36  533 477 172 260 311 121 402 169 293 447 277 343 390 307 372
386 350 319 322 407 227 340 397 235 45  355 336 260 186 432 280 297 46  169 412 485 362 373 275 354 314 189 212 333 369 374 332 315 19  505 410 280 433 200 191 50  419 422 434 231 90  321 504 332 127 163 64  139 416 403 136 217 90  289 105 386 399 62  357 417 173 321 301 257 0   450 317 87  50  326 211 451 88  43  149 169 65  253 310 234 398 395 130 14  197 182 433 124 36  460 420 154 296 374 142
281 236 246 139 124 224 348 148 274 438 168 325 298 294 255 333 157 474 338 86  51  342 149 182 218 310 341 339 121 84  281 295 215 465 55  144 240 96  252 287 490 171 103 16  351 450 219 72  137 471 412 452 388 205 130 319 255 390 219 400 229 83  398 118 172 391 166 170 337 450 0   325 537 463 265 245 63  446 434 462 412 406 245 361 367 420 316 323 462 317 290 137 330 482 180 68  402 300 89  465
475 418 401 292 209 247 31  389 111 277 157 471 66  156 488 37  214 362 150 355 376 46  177 274 110 15  370 105 229 289 73  448 112 336 368 196 359 245 253 155 324 423 377 316 87  252 106 397 308 420 408 272 371 444 202 216 157 227 348 353 440 339 309 210 422 400 329 178 60  317 325 0   384 292 421 191 280 251 335 431 413 252 121 477 91  570 505 224 320 354 166 409 221 353 455 259 394 424 311 427
456 426 395 408 492 314 403 479 314 111 438 399 333 267 505 346 384 75  243 498 572 426 458 361 434 383 257 281 420 456 446 401 396 73  592 494 359 519 287 274 59  500 507 521 296 133 402 590 418 151 212 111 200 494 488 222 301 165 369 169 462 485 143 443 498 228 405 387 324 87  537 384 0   92  399 297 538 134 111 177 218 141 335 368 295 447 461 216 76  270 266 516 210 57  541 507 208 365 460 169
426 386 356 343 407 246 312 425 224 25  351 379 241 180 469 254 307 90  152 434 502 335 372 296 344 291 232 188 343 385 354 374 307 61  518 408 314 436 222 187 32  449 446 447 204 44  312 521 354 177 212 20  187 449 402 144 217 76  321 152 421 420 103 362 448 221 347 305 232 50  463 292 92  0   364 218 457 44  93  199 219 57  247 356 204 446 438 140 41  238 180 460 133 71  491 427 203 338 393 192
62  34  21  153 325 175 452 126 314 342 318 61  360 288 106 404 220 323 327 182 266 461 318 149 361 407 142 362 228 199 423 31  327 331 304 343 62  323 178 285 376 126 173 251 386 379 336 273 143 275 203 365 200 105 327 257 268 322 73  229 67  182 264 268 124 181 111 258 392 326 265 421 399 364 0   234 311 375 289 256 200 321 299 96  401 163 85  254 340 128 276 158 263 342 159 291 200 43  181 261
293 238 216 139 198 59  222 236 80  193 151 280 127 60  316 170 88  242 105 227 286 235 167 101 167 179 184 129 125 170 213 259 125 227 300 204 172 222 61  54  246 267 243 230 153 205 134 306 154 268 234 206 199 279 194 75  34  145 164 193 265 212 169 146 266 221 161 91  157 211 245 191 297 218 234 0   240 201 204 270 238 161 73  285 168 379 319 80  221 165 50  266 86  245 306 209 220 233 182 269
335 286 291 168 71  235 300 204 249 433 126 372 265 280 315 294 155 480 320 143 108 292 104 202 170 266 367 312 119 114 229 343 178 467 89  88  277 37  262 273 486 230 163 68  320 438 180 127 172 489 436 444 408 264 78  316 241 382 256 415 284 136 404 95  232 417 204 152 302 451 63  280 538 457 311 240 0   435 441 483 437 400 221 404 335 471 371 321 462 343 277 198 327 485 242 30  424 342 130 485
437 393 364 334 380 238 269 422 193 43  323 396 204 154 476 213 289 132 119 425 488 292 344 289 310 250 251 149 325 371 315 387 276 103 501 379 320 411 217 161 75  449 439 431 163 4   280 508 347 215 242 25  212 452 375 132 193 57  324 180 427 410 126 339 447 248 344 282 191 88  446 251 134 44  375 201 435 0   126 236 249 54  218 378 161 469 452 131 82  252 157 456 122 115 490 404 231 352 381 229
348 315 284 301 403 209 360 368 243 82  354 295 274 192 396 300 286 39  185 389 466 382 371 254 360 330 149 231 322 351 387 293 319 42  489 408 247 426 182 197 91  388 397 417 253 129 326 483 309 90  119 104 97  383 399 134 218 112 258 63  351 377 36  349 387 130 295 296 278 43  434 335 111 93  289 204 441 126 0   109 126 89  257 268 258 355 355 127 56  160 186 405 124 53  429 410 111 257 353 103
304 288 259 323 459 250 458 364 328 192 419 239 366 278 359 397 334 113 283 400 484 477 433 281 436 423 124 330 366 378 473 248 394 139 514 469 236 476 225 280 188 375 402 446 354 238 402 498 326 26  53  213 75  360 457 216 293 217 254 78  323 392 123 400 373 75  303 354 376 149 462 431 177 199 256 270 483 236 109 0   56  197 336 201 361 272 301 208 158 147 269 400 209 137 413 454 61  215 374 8  
249 232 203 273 419 209 442 309 305 206 383 186 347 257 303 382 292 145 271 347 432 459 395 234 405 404 71  318 322 329 448 193 363 165 463 430 182 433 186 258 216 319 348 396 343 252 372 445 276 76  6   229 42  304 417 197 265 218 200 69  267 339 124 358 317 21  250 317 362 169 412 413 218 219 200 238 437 249 126 56  0   202 308 150 352 230 248 189 182 95  247 345 193 169 357 409 19  159 323 61 
383 340 310 287 351 190 275 372 172 32  297 342 195 126 423 215 249 110 104 378 445 297 316 241 292 249 198 147 286 328 309 333 254 84  461 353 267 380 167 132 86  397 391 390 167 58  260 464 299 180 195 47  163 400 347 87  160 25  271 132 374 364 77  305 396 198 294 248 193 65  406 252 141 57  321 161 400 54  89  197 202 0   193 325 170 417 398 84  69  198 124 406 76  101 439 369 183 298 336 191
355 298 279 177 162 126 152 277 28  224 105 349 63  67  370 107 103 292 99  253 293 163 126 153 102 108 257 93  129 188 140 326 62  272 297 161 238 194 134 61  278 310 273 232 108 221 68  314 194 331 304 231 268 328 157 123 42  170 226 258 321 237 224 129 310 293 211 76  101 253 245 121 335 247 299 73  221 218 257 336 308 193 0   357 124 449 383 131 261 239 71  301 133 290 346 192 290 303 207 334
115 129 115 240 411 232 508 222 366 338 396 45  412 330 172 454 296 294 360 278 362 521 399 224 434 465 126 402 312 291 492 69  396 310 401 428 132 414 224 328 360 218 270 347 428 381 406 370 233 225 156 362 171 191 413 284 320 333 152 205 153 278 253 352 216 140 200 331 439 310 361 477 368 356 96  285 404 378 268 201 150 325 357 0   441 95  102 278 324 131 318 252 285 317 246 382 160 62  274 208
461 406 383 298 268 227 108 398 98  191 209 442 69  112 484 55  227 280 82  377 416 131 231 267 176 94  322 39  254 313 161 424 156 252 416 259 339 303 223 116 236 430 397 355 16  162 156 437 314 347 346 184 310 446 261 159 136 146 332 287 433 361 237 249 430 342 327 200 36  234 367 91  295 204 401 168 335 161 258 361 352 170 124 441 0   536 486 166 235 311 124 424 160 268 467 308 333 395 331 356
141 185 185 317 488 323 601 273 459 429 480 103 506 425 185 548 381 376 456 334 412 613 481 308 521 557 220 497 391 361 581 131 485 395 452 506 216 486 317 422 446 258 321 408 523 473 494 415 306 298 237 453 259 225 490 379 413 427 233 293 192 337 344 431 256 224 274 417 533 398 420 570 447 446 163 379 471 469 355 272 230 417 449 95  536 0   108 373 411 226 412 295 381 400 273 453 244 146 341 280
35  90  104 228 395 260 536 168 399 417 395 61  445 373 79  488 300 385 411 230 305 544 393 232 441 491 206 446 304 264 504 64  409 398 346 415 147 389 263 369 445 150 215 306 471 456 418 307 215 324 253 440 260 117 398 340 353 401 157 293 87  235 335 342 148 234 185 338 477 395 316 505 461 438 85  319 371 452 355 301 248 398 383 102 486 108 0   336 409 200 361 187 344 407 166 355 254 100 243 308
316 268 240 203 277 107 252 291 120 115 227 286 158 69  351 192 167 163 84  294 361 270 245 158 233 216 156 129 204 244 265 272 192 147 378 282 195 303 86  72  166 318 308 307 155 135 200 380 216 201 184 131 147 323 273 8   90  73  196 130 301 280 93  226 316 178 213 171 172 130 323 224 216 140 254 80  321 131 127 208 189 84  131 278 166 373 336 0   140 147 61  324 9   165 359 290 170 239 252 205
400 364 333 335 416 239 341 411 241 43  363 350 264 193 446 283 308 50  173 425 498 364 382 288 361 317 203 215 345 381 378 346 322 20  517 419 294 443 213 199 36  433 436 446 233 84  328 516 345 136 175 57  153 430 412 146 226 93  303 118 400 412 76  367 431 186 335 311 260 14  462 320 76  41  340 221 462 82  56  158 182 69  261 324 235 411 409 140 0   211 191 447 134 33  474 431 167 310 386 151
188 155 124 178 329 122 385 219 242 217 298 143 288 202 235 328 203 195 230 253 337 399 307 140 327 343 24  272 230 234 378 136 286 202 367 341 92  341 105 201 247 234 255 300 298 256 296 351 180 160 95  240 77  224 328 153 198 204 107 102 191 244 135 268 232 74  155 231 311 197 317 354 270 238 128 165 343 252 160 147 95  198 239 131 311 226 200 147 211 0   190 256 154 214 274 315 86  100 227 150
337 283 259 189 226 105 196 286 59  157 172 318 100 12  363 138 133 220 55  277 333 213 192 151 173 157 204 85  168 218 204 299 133 201 344 228 215 255 98  11  211 317 293 275 110 161 140 353 204 262 241 166 205 328 222 53  36  104 209 191 312 261 154 182 316 233 211 125 121 182 290 166 266 180 276 50  277 157 186 269 247 124 71  318 124 412 361 61  191 190 0   316 62  219 356 247 228 270 231 266
154 123 145 127 242 217 437 36  326 435 264 210 364 325 119 406 198 443 371 58  117 437 253 167 317 393 277 389 179 120 384 183 298 443 158 263 164 224 239 319 480 37  36  130 408 460 305 120 111 415 346 454 333 71  247 324 291 398 148 355 103 72  372 205 39  324 112 231 402 433 137 409 516 460 158 266 198 456 405 400 345 406 301 252 424 295 187 324 447 256 316 0   333 458 47  191 340 200 98  405
325 277 249 212 282 116 249 300 120 107 231 294 157 69  360 189 174 159 78  303 369 268 249 166 235 214 163 125 211 252 265 280 194 142 385 286 204 308 95  73  159 327 316 314 150 126 202 388 224 201 187 123 151 332 278 11  93  64  205 132 310 289 92  232 325 182 222 176 169 124 330 221 210 133 263 86  327 122 124 209 193 76  133 285 160 381 344 9   134 154 62  333 0   160 368 296 173 247 260 206
400 369 338 351 443 258 375 422 271 77  391 346 297 223 449 316 330 24  205 441 516 397 410 305 391 350 201 248 367 400 410 345 352 18  537 446 301 468 231 228 51  442 450 466 266 115 358 534 361 112 162 89  146 437 439 171 253 126 311 113 405 428 86  392 440 177 347 336 293 36  482 353 57  71  342 245 485 115 53  137 169 101 290 317 268 400 407 165 33  214 219 458 160 0   483 454 157 309 403 129
136 125 153 169 290 254 484 70  370 466 312 201 409 366 89  451 243 467 411 106 151 485 301 205 365 440 293 431 226 168 432 178 345 469 192 310 182 270 273 360 509 41  83  175 452 494 352 148 153 430 359 486 351 55  295 359 333 433 171 376 94  119 399 253 43  337 146 277 447 460 180 455 541 491 159 306 242 490 429 413 357 439 346 246 467 273 166 359 474 274 356 47  368 483 0   238 354 202 145 418
320 268 270 143 55  205 281 191 221 402 102 352 239 250 304 270 124 449 290 133 119 274 82  174 151 244 340 284 89  92  212 323 153 436 109 75  253 33  232 242 455 221 155 65  294 408 155 139 149 459 407 413 379 253 62  285 211 351 232 385 269 123 374 65  221 388 182 122 277 420 68  259 507 427 291 209 30  404 410 454 409 369 192 382 308 453 355 290 431 315 247 191 296 454 238 0   396 320 112 455
252 231 201 263 403 194 423 303 286 189 367 192 328 238 305 363 277 134 251 339 423 440 379 222 388 385 63  298 308 318 430 196 346 151 453 414 176 419 170 239 202 316 341 385 324 234 354 437 266 75  13  212 22  303 402 178 247 199 193 51  266 331 106 343 314 20  242 301 343 154 402 394 208 203 200 220 424 231 111 61  19  183 290 160 333 244 254 170 167 86  228 340 173 157 354 396 0   161 313 64 
91  77  55  178 349 176 455 167 314 317 335 47  361 283 144 404 235 289 317 220 305 466 338 163 375 411 107 356 250 228 434 36  338 299 342 366 70  351 173 280 346 169 213 286 381 356 347 314 171 235 163 340 164 148 350 244 268 302 89  196 109 218 235 290 166 142 138 272 390 296 300 424 365 338 43  233 342 352 257 215 159 298 303 62  395 146 100 239 310 100 270 200 247 309 202 320 161 0   213 221
208 156 160 52  154 147 339 85  233 367 168 242 268 239 196 309 104 393 285 46  112 339 159 98  220 296 252 297 81  23  287 212 200 387 139 174 150 145 173 232 417 117 66  74  315 385 207 130 47  384 323 384 300 146 158 250 202 324 129 314 158 30  318 109 118 302 76  134 307 374 89  311 460 393 181 182 130 381 353 374 323 336 207 274 331 341 243 252 386 227 231 98  260 403 145 112 313 213 0   377
310 294 265 326 460 251 454 368 325 185 419 246 363 275 365 394 335 105 279 404 487 474 433 283 435 420 128 326 367 381 471 254 393 132 517 469 241 477 225 278 180 380 406 448 350 232 401 502 329 18  58  206 76  365 457 213 291 212 258 76  329 395 119 401 378 80  306 354 372 142 465 427 169 192 261 269 485 229 103 8   61  191 334 208 356 280 308 205 151 150 266 405 206 129 418 455 64  221 377 0  
0          27424
11124      11554
4831       5376
7174       7432
20967      21281
7562       8080
16014      16355
12347      12836
8379       8791
11628      11905
7536       7722
14246      14334
4509       5040
18057      18384
8067       8256
19966      20153
6935       7206
234        515
12987      13426
923        1311
17153      17347
19067      19145
20201      20464
21795      22218
20019      20221
15016      15412
8912       9370
18131      18532
7489       7972
24351      24370
10456      10892
21979      22382
21632      21886
12809      13123
23941      24232
22762      22977
8942       9237
4244       4683
11282      11681
25664      25914
3111       3322
13908      14159
15546      15762
3560       3848
1439       1780
10196      10632
5408       5765
22757      23051
1770       1931
23502      23770
11669      11967
1957       2316
6711       6980
5070       5351
16149      16407
7223       7476
25621      25940
26045      26452
21417      21763
6031       6221
2582       2687
21841      22087
13483      13905
13339      13609
18468      18911
24377      24872
24011      24276
17621      18004
19968      20090
9262       9506
15722      15831
15966      16081
5778       5975
20423      20697
19442      19640
6013       6565
8625       8893
12133      12330
2045       2366
20560      21051
25796      26268
25406      25688
26365      26686
4024       4391
17583      17740
16630      16824
9646       9913
506        739
250        477
12697      12984
22444      22781
14601      14995
14277      14844
25261      25823
24748      25136
6279       6575
11036      11219
3330       3477
17845      18096
746        1075
