100
0   376 384 293 273 498 130 476 155 327 280 53  330 435 246 339 213 462 410 410 353 399 433 62  460 487 356 343 220 353 412 202 502 322 310 91  196 384 506 155 229 238 165 167 441 72  535 266 473 130 15  392 295 113 132 286 500 254 209 520 204 461 329 387 196 380 317 178 66  298 266 420 334 85  160 17  165 407 425 158 458 72  379 304 426 441 115 454 473 263 466 166 461 71  279 442 265 364 284 504
376 0   403 267 115 126 284 117 256 236 101 331 105 82  129 37  268 297 180 335 269 351 372 313 317 343 247 276 417 133 221 194 204 73  102 349 271 153 175 246 198 280 233 447 225 336 166 306 146 440 374 18  131 389 276 121 248 413 205 203 276 145 294 287 204 281 76  305 309 350 163 363 48  300 266 367 212 46  424 232 288 405 299 130 306 81  381 188 99  235 94  307 184 332 98  65  258 57  400 167
384 403 0   143 318 450 431 411 428 556 391 393 459 386 355 379 494 192 258 98  136 71  85  365 169 178 161 592 194 498 219 409 339 335 437 293 482 268 383 278 449 168 281 278 242 313 463 131 365 310 397 405 450 284 423 430 289 155 433 370 493 348 109 132 415 134 416 211 355 87  452 78  404 389 253 394 326 448 40  398 196 337 115 277 144 481 278 294 442 510 433 223 306 317 345 444 528 348 113 388
293 267 143 0   174 336 305 299 297 414 247 285 316 266 212 240 360 172 163 121 60  118 151 255 167 194 71  451 186 354 142 270 261 196 294 210 349 156 290 154 309 56  152 251 173 221 358 49  264 267 302 273 307 223 297 286 233 166 294 288 359 247 41  94  278 87  273 119 246 83  310 138 263 273 136 298 193 313 174 266 169 269 86  138 133 348 215 209 322 370 313 130 220 222 202 316 389 216 140 293
273 115 318 174 0   226 208 203 186 248 74  235 141 161 50  78  226 266 168 271 198 280 307 212 278 307 181 287 304 180 192 132 241 48  119 236 221 135 236 132 159 173 120 332 211 225 262 204 203 326 274 128 135 274 198 115 258 303 153 254 229 192 209 225 143 218 99  190 207 251 146 296 93  207 151 268 108 157 346 154 258 294 231 55  255 194 267 202 203 216 196 192 205 222 27  178 238 90  295 232
498 126 450 336 226 0   410 40  382 340 227 455 218 71  252 160 391 296 193 364 315 387 397 436 321 340 290 377 509 232 235 320 149 178 221 462 395 183 98  358 322 365 346 551 222 452 41  382 93  550 498 108 250 498 402 243 211 498 330 129 399 107 350 320 330 317 200 404 431 418 285 392 173 424 373 491 332 116 462 358 287 521 336 216 324 106 490 169 27  352 31  409 158 449 218 69  374 137 477 88 
130 284 431 305 208 410 0   397 29  196 183 77  215 357 164 251 84  453 372 426 357 424 457 86  458 487 351 214 310 232 388 91  449 250 200 176 67  341 441 153 104 264 153 281 412 149 450 299 408 251 120 302 178 217 10  175 464 334 87  461 76  399 347 391 81  383 214 223 92  344 145 444 237 52  177 114 116 305 469 54  446 195 389 256 428 336 215 409 384 133 379 213 413 143 202 347 136 290 353 436
476 117 411 299 203 40  397 0   370 346 215 436 219 41  235 146 385 257 153 324 276 347 357 415 281 301 251 385 475 239 195 308 115 154 218 434 387 144 68  331 315 330 319 520 182 427 61  346 55  521 477 99  247 469 388 238 175 462 321 100 393 68  311 280 319 277 193 372 409 381 280 352 165 406 344 470 310 122 422 343 248 495 296 185 284 125 461 129 43  351 37  378 119 423 198 79  374 112 439 59 
155 256 428 297 186 382 29  370 0   174 155 101 185 330 139 224 70  438 352 417 346 416 449 104 444 474 338 195 320 203 370 62  426 225 170 189 55  320 416 149 75  260 147 298 393 163 422 296 383 271 146 274 149 233 23  145 443 341 58  437 66  374 339 379 52  371 185 225 108 342 115 436 209 72  177 140 105 276 465 33  431 216 379 236 416 307 229 388 356 111 351 217 391 157 177 318 117 265 357 410
327 236 556 414 248 340 196 346 174 0   175 273 130 317 202 225 117 510 400 519 445 526 555 278 524 553 429 40  483 108 433 154 440 257 140 360 133 368 410 296 113 393 288 471 446 335 380 429 383 445 316 251 115 405 195 134 479 499 133 439 127 381 452 473 152 466 169 377 282 478 104 543 196 246 325 311 240 224 588 184 501 390 479 301 503 236 401 419 314 63  314 371 417 329 223 271 66  278 507 402
280 101 391 247 74  227 183 215 155 175 0   233 71  176 43  69  174 335 228 345 272 354 382 217 348 377 255 215 358 108 259 92  284 85  47  267 173 195 266 170 103 239 158 372 274 249 267 272 234 359 277 119 60  310 174 41  313 363 105 290 180 228 283 299 103 292 38  244 215 321 77  370 55  201 196 270 124 126 420 131 326 318 306 125 328 160 303 253 200 151 195 242 254 245 48  164 174 117 360 259
53  331 393 285 235 455 77  436 101 273 233 0   279 395 202 295 161 448 384 406 342 399 433 29  448 477 343 291 248 301 391 150 471 283 260 111 144 356 471 135 175 235 141 209 419 85  493 267 438 176 46  348 243 148 78  236 475 278 156 487 152 426 324 377 144 370 268 182 39  306 213 419 288 32  148 39  127 359 433 106 443 119 372 272 416 393 146 426 430 210 423 170 432 80  238 396 213 325 303 468
330 105 459 316 141 218 215 219 185 130 71  279 0   187 113 97  176 387 274 408 336 419 445 269 403 431 317 170 428 38  310 128 310 135 24  329 183 242 280 238 113 310 226 438 320 310 259 343 252 421 325 121 36  373 208 44  350 434 128 309 185 251 351 360 135 354 44  314 268 391 72  434 67  246 265 318 187 102 487 172 378 376 369 187 386 125 367 290 191 133 189 312 287 304 114 148 156 149 431 272
435 82  386 266 161 71  357 41  330 317 176 395 187 0   194 107 348 246 133 304 250 325 339 373 269 292 225 357 438 212 177 268 126 112 184 393 350 118 92  290 278 294 278 481 171 385 101 312 65  480 435 66  213 429 347 202 178 427 282 121 355 68  282 257 279 254 158 333 368 349 245 332 129 365 304 428 269 100 400 303 237 454 272 145 267 115 421 123 56  317 47  338 116 382 157 68  340 70  406 85 
246 129 355 212 50  252 164 235 139 202 43  202 113 194 0   92  175 317 218 316 243 323 352 184 327 357 228 241 315 149 243 82  287 86  89  225 170 185 277 127 108 198 115 330 262 210 291 233 244 318 245 146 96  268 154 76  308 321 102 297 179 235 250 272 93  265 80  201 180 282 99  340 89  171 153 238 84  162 386 109 309 279 277 105 304 198 261 250 227 166 221 199 253 205 37  195 188 126 319 272
339 37  379 240 78  160 251 146 224 225 69  295 97  107 92  0   242 291 177 318 249 332 355 276 308 335 228 266 382 131 214 161 218 44  84  311 243 146 197 208 171 248 196 410 223 298 200 276 166 402 338 53  112 351 242 98  254 380 175 222 249 161 270 270 172 264 56  269 272 321 140 346 30  263 229 330 174 78  404 198 282 367 280 103 293 115 344 194 134 214 129 271 192 294 61  103 237 53  370 190
213 268 494 360 226 391 84  385 70  117 174 161 176 348 175 242 0   489 393 477 404 478 510 170 498 527 394 130 390 179 418 94  457 256 169 259 17  361 439 217 71  326 213 366 437 232 432 363 408 336 201 286 141 301 86  147 482 412 72  464 10  402 401 436 85  429 192 295 176 410 106 497 220 137 246 196 168 277 531 96  482 279 438 280 471 301 298 424 364 56  360 287 426 226 209 322 52  291 427 433
462 297 192 172 266 296 453 257 438 510 335 448 387 246 317 291 489 0   117 94  112 121 114 419 26  45  106 550 342 423 77  395 160 253 371 383 482 145 210 313 425 228 308 417 75  391 298 213 203 437 471 292 394 395 443 375 101 312 417 190 491 189 146 81  404 87  344 291 410 214 411 115 321 431 303 466 336 336 185 405 9   441 96  211 50  359 387 127 296 483 288 303 138 392 288 314 505 242 273 218
410 180 258 163 168 193 372 153 352 400 228 384 274 133 218 177 393 117 0   171 127 194 205 356 137 162 102 440 349 308 43  300 99  143 259 345 389 32  128 254 325 208 245 409 46  346 205 213 106 418 415 175 284 370 362 266 92  329 321 125 397 90  164 127 311 124 231 264 349 238 305 200 207 360 254 409 259 219 269 319 107 407 143 116 133 243 361 47  187 379 178 272 57  344 185 200 402 125 300 132
410 335 98  121 271 364 426 324 417 519 345 406 408 304 316 318 477 94  171 0   73  26  37  376 73  89  90  557 259 446 129 384 244 275 388 323 467 187 289 275 420 171 273 338 147 337 373 145 275 363 420 334 406 327 417 386 192 225 408 275 477 259 81  48  393 54  363 231 366 129 415 28  346 394 257 416 311 379 98  384 98  377 39  221 46  408 319 201 358 481 350 243 213 339 297 367 502 278 184 295
353 269 136 60  198 315 357 276 346 445 272 342 336 250 243 249 404 112 127 73  0   83  109 313 107 134 25  484 236 374 94  311 218 205 315 271 395 132 255 209 347 116 206 307 123 281 331 102 233 326 362 271 333 283 347 313 181 210 335 247 405 216 39  34  320 27  292 179 303 115 342 98  276 328 194 357 241 314 154 313 109 329 34  149 73  346 275 168 306 408 297 191 180 282 224 308 428 213 177 259
399 351 71  118 280 387 424 347 416 526 354 399 419 325 323 332 478 121 194 26  83  0   34  369 99  112 104 564 238 457 152 388 270 288 398 311 468 207 314 271 425 163 271 319 173 326 397 133 298 346 410 352 415 312 415 395 218 203 412 300 478 282 77  67  395 71  375 221 359 110 422 20  359 389 251 407 311 396 75  384 125 363 52  232 72  426 305 225 380 486 371 233 238 329 307 387 506 295 161 320
433 372 85  151 307 397 457 357 449 555 382 433 445 339 352 355 510 114 205 37  109 34  0   403 89  93  127 594 267 483 162 419 271 312 425 345 500 223 319 305 455 197 304 349 178 361 405 167 307 378 445 371 443 345 448 423 215 231 443 302 510 291 110 85  427 91  401 255 394 142 451 13  383 423 285 441 344 415 71  417 121 396 76  258 74  444 338 232 393 517 384 267 244 363 334 403 537 315 188 326
62  313 365 255 212 436 86  415 104 278 217 29  269 373 184 276 170 419 356 376 313 369 403 0   419 447 313 298 227 294 363 142 445 261 249 90  153 329 447 106 173 205 112 195 391 63  473 238 414 167 62  330 235 131 84  225 448 254 152 462 162 402 295 347 137 340 254 153 9   277 207 390 271 33  119 55  104 344 405 99  414 112 342 247 386 378 129 399 410 215 404 142 405 58  217 379 220 303 277 444
460 317 169 167 278 321 458 281 444 524 348 448 403 269 327 308 498 26  137 73  107 99  89  419 0   29  106 564 328 439 95  403 186 268 386 377 490 164 236 314 436 222 310 405 99  388 323 203 228 427 469 312 408 387 448 389 127 296 427 216 500 213 135 73  413 80  360 285 410 199 424 91  338 432 301 464 341 357 161 411 34  435 84  223 35  381 379 152 320 494 312 297 163 389 301 337 516 260 256 243
487 343 178 194 307 340 487 301 474 553 377 477 431 292 357 335 527 45  162 89  134 112 93  447 29  0   135 593 347 467 121 433 199 296 414 403 519 190 251 342 465 249 338 426 120 415 339 228 246 450 496 337 437 411 477 418 137 314 456 228 529 232 160 100 442 107 388 311 438 218 453 99  365 461 329 491 370 381 162 441 54  460 108 252 61  405 404 171 341 524 333 323 181 416 330 360 545 287 273 259
356 247 161 71  181 290 351 251 338 429 255 343 317 225 228 228 394 106 102 90  25  104 127 313 106 135 0   469 254 355 72  300 195 184 297 278 385 107 231 208 335 126 203 322 103 286 306 119 209 339 365 247 316 294 342 296 163 231 324 224 395 192 62  43  309 36  273 188 304 137 327 117 255 326 197 360 234 291 178 305 101 338 52  130 77  322 286 144 281 395 272 199 156 286 207 284 416 190 199 234
343 276 592 451 287 377 214 385 195 40  215 291 170 357 241 266 130 550 440 557 484 564 594 298 564 593 469 0   512 146 474 186 481 298 181 384 147 408 449 327 145 428 320 494 487 359 416 464 422 465 331 290 156 428 214 175 520 529 163 478 139 421 490 513 182 505 209 408 303 513 142 582 236 265 357 326 272 262 625 211 542 409 518 341 543 272 425 460 351 86  352 402 458 353 263 309 78  319 539 441
220 417 194 186 304 509 310 475 320 483 358 248 428 438 315 382 390 342 349 259 236 238 267 227 328 347 254 512 0   463 327 330 447 344 404 137 374 338 474 191 370 144 202 84  358 163 535 136 447 118 235 427 404 107 305 387 417 39  349 474 385 430 198 261 331 256 394 114 219 129 390 255 395 259 163 234 246 461 233 300 342 157 245 294 293 497 104 395 491 425 482 116 406 169 326 476 436 376 81  476
353 133 498 354 180 232 232 239 203 108 108 301 38  212 149 131 179 423 308 446 374 457 483 294 439 467 355 146 463 0   345 151 337 171 61  360 189 277 303 272 127 348 261 469 354 339 272 381 278 451 347 146 60  404 226 76  380 470 145 333 190 278 389 398 156 392 82  349 294 429 87  472 101 268 300 340 220 116 526 195 413 403 407 225 423 129 398 321 206 129 206 347 317 333 152 163 148 182 469 295
412 221 219 142 192 235 388 195 370 433 259 391 310 177 243 214 418 77  43  129 94  152 162 363 95  121 72  474 327 345 0   323 124 176 294 340 411 68  163 258 352 194 250 393 31  344 244 191 146 407 419 217 317 360 378 299 91  304 345 153 420 130 134 86  333 85  267 254 354 209 336 157 244 371 253 413 272 261 227 337 68  402 104 137 89  287 352 74  231 408 222 264 87  344 213 244 431 165 271 168
202 194 409 270 132 320 91  308 62  154 92  150 128 268 82  161 94  395 300 384 311 388 419 142 403 433 300 186 330 151 323 0   369 167 110 213 88  267 355 141 40  243 134 324 343 190 360 279 323 302 196 212 93  258 83  85  390 345 24  378 97  315 311 343 11  335 122 223 143 328 65  406 146 118 171 190 86  214 444 44  387 253 345 185 377 246 253 333 293 101 288 217 335 184 119 255 118 205 353 350
502 204 339 261 241 149 449 115 426 440 284 471 310 126 287 218 457 160 99  244 218 270 271 445 186 199 195 481 447 337 124 369 0   202 302 441 456 118 53  346 387 307 337 508 97  440 141 311 62  517 506 191 330 468 439 316 63  426 387 30  463 59  258 208 380 208 274 362 438 333 359 270 246 445 350 499 344 227 341 395 152 504 226 198 199 237 459 52  158 433 152 371 42  439 250 190 456 167 395 62 
322 73  335 196 48  178 250 154 225 257 85  283 135 112 86  44  256 253 143 275 205 288 312 261 268 296 184 298 344 171 176 167 202 0   118 284 254 110 191 180 186 206 168 377 189 274 213 233 158 373 323 83  141 322 240 123 227 340 185 211 261 148 225 227 178 220 91  233 255 277 163 302 71  253 197 316 156 119 359 196 244 343 236 58  251 155 313 168 155 237 147 236 169 270 48  133 260 42  327 186
310 102 437 294 119 221 200 218 170 140 47  260 24  184 89  84  169 371 259 388 315 398 425 249 386 414 297 181 404 61  294 110 302 118 0   306 173 227 276 214 101 286 202 414 306 287 262 319 247 399 306 119 29  351 192 24  339 410 113 303 177 244 329 341 118 334 28  290 247 368 63  414 56  227 241 299 164 108 466 154 362 354 349 167 368 136 344 279 194 133 191 288 277 282 92  153 156 138 407 269
91  349 293 210 236 462 176 434 189 360 267 111 329 393 225 311 259 383 345 323 271 311 345 90  377 403 278 384 137 360 340 213 441 284 306 0   242 323 454 103 250 154 116 111 370 26  495 178 422 92  104 363 299 45  172 285 431 166 229 463 252 408 244 304 212 297 305 92  83  207 278 331 315 123 91  102 142 387 334 176 379 62  295 251 343 423 40  391 439 299 431 80  399 32  250 414 307 324 194 453
196 271 482 349 221 395 67  387 55  133 173 144 183 350 170 243 17  482 389 467 395 468 500 153 490 519 385 147 374 189 411 88  456 254 173 242 0   356 439 204 72  314 200 349 432 216 435 350 408 319 184 289 147 284 69  151 479 397 69  463 10  401 390 427 78  420 195 281 159 397 110 487 222 120 232 179 156 282 519 83  475 262 428 274 463 308 282 421 367 71  364 272 423 210 206 327 69  290 412 433
384 153 268 156 135 183 341 144 320 368 195 356 242 118 185 146 361 145 32  187 132 207 223 329 164 190 107 408 338 277 68  267 118 110 227 323 356 0   136 228 293 195 219 393 78  322 202 205 108 400 388 149 252 351 331 234 123 322 288 140 365 91  166 140 278 136 200 246 321 236 273 216 175 331 231 382 230 194 282 288 136 385 155 85  154 221 342 70  174 346 165 254 77  320 152 180 369 96  296 137
506 175 383 290 236 98  441 68  416 410 266 471 280 92  277 197 439 210 128 289 255 314 319 447 236 251 231 449 474 303 163 355 53  191 276 454 439 136 0   354 368 331 343 529 142 450 88  340 33  535 509 159 305 484 431 294 116 456 371 32  446 46  293 250 366 249 250 381 441 367 337 316 221 443 362 502 343 189 388 387 202 516 268 203 245 193 476 89  111 409 106 389 76  447 239 147 432 151 429 9  
155 246 278 154 132 358 153 331 149 296 170 135 238 290 127 208 217 313 254 275 209 271 305 106 314 342 208 327 191 272 258 141 346 180 214 103 204 228 354 0   182 110 12  203 286 95  392 146 322 194 161 260 213 143 145 196 344 203 163 366 215 308 194 243 145 236 207 81  97  193 199 291 214 119 29  155 55  285 316 121 308 163 239 151 282 322 135 298 335 241 327 76  305 93  148 310 256 220 212 352
229 198 449 309 159 322 104 315 75  113 103 175 113 278 108 171 71  425 325 420 347 425 455 173 436 465 335 145 370 127 352 40  387 186 101 250 72  293 368 182 0   283 174 361 370 226 363 319 337 337 221 216 76  295 99  78  413 385 21  393 77  331 349 378 38  370 122 264 175 368 41  443 150 144 212 215 127 210 483 74  417 285 381 214 411 237 290 355 295 61  291 258 355 220 140 255 81  220 394 362
238 280 168 56  173 365 264 330 260 393 239 235 310 294 198 248 326 228 208 171 116 163 197 205 222 249 126 428 144 348 194 243 307 206 286 154 314 195 331 110 283 0   113 200 225 166 391 36  303 213 249 288 294 168 255 275 286 134 266 333 324 287 90  149 248 143 270 62  196 85  291 184 266 226 87  244 158 325 205 230 225 213 141 152 188 361 159 255 348 344 339 74  266 167 199 336 361 235 122 333
165 233 281 152 120 346 153 319 147 288 158 141 226 278 115 196 213 308 245 273 206 271 304 112 310 338 203 320 202 261 250 134 337 168 202 116 200 219 343 12  174 113 0   215 278 107 380 149 311 206 170 247 202 155 144 185 336 212 156 355 211 297 194 240 138 232 195 90  104 197 190 291 202 122 39  163 47  272 318 117 302 175 237 140 278 309 148 289 323 234 315 86  296 104 135 298 250 208 219 341
167 447 278 251 332 551 281 520 298 471 372 209 438 481 330 410 366 417 409 338 307 319 349 195 405 426 322 494 84  469 393 324 508 377 414 111 349 393 529 203 361 200 215 0   424 135 582 204 499 40  182 460 409 66  279 394 485 123 340 533 358 484 271 335 323 330 410 148 190 209 389 337 417 229 181 184 250 488 317 287 416 95  321 335 370 525 71  456 531 409 523 142 466 141 350 510 416 414 165 530
441 225 242 173 211 222 412 182 393 446 274 419 320 171 262 223 437 75  46  147 123 173 178 391 99  120 103 487 358 354 31  343 97  189 306 370 432 78  142 286 370 225 278 424 0   374 227 222 129 438 447 218 330 391 402 313 60  334 365 128 441 114 163 111 354 111 278 284 382 238 351 174 253 397 282 442 298 262 246 360 66  432 128 158 104 284 383 54  221 425 213 294 66  373 230 239 448 171 300 148
72  336 313 221 225 452 149 427 163 335 249 85  310 385 210 298 232 391 346 337 281 326 361 63  388 415 286 359 163 339 344 190 440 274 287 26  216 322 450 95  226 166 107 135 374 0   487 193 417 112 84  351 279 69  146 265 434 192 205 461 225 404 256 315 188 308 288 105 56  226 255 347 300 96  91  80  125 372 354 152 387 69  307 246 354 408 65  391 428 273 421 93  399 6   237 402 281 315 218 448
535 166 463 358 262 41  450 61  422 380 267 493 259 101 291 200 432 298 205 373 331 397 405 473 323 339 306 416 535 272 244 360 141 213 262 495 435 202 88  392 363 391 380 582 227 487 0   406 98  582 535 148 291 531 441 284 205 522 371 115 440 115 367 331 370 329 240 433 468 438 326 401 214 463 406 528 369 157 471 398 289 555 348 246 331 144 522 173 68  392 71  439 161 484 256 110 415 172 498 80 
266 306 131 49  204 382 299 346 296 429 272 267 343 312 233 276 363 213 213 145 102 133 167 238 203 228 119 464 136 381 191 279 311 233 319 178 350 205 340 146 319 36  149 204 222 193 406 0   313 224 277 313 329 183 291 309 282 116 303 338 361 297 68  131 285 126 302 87  228 49  326 153 296 260 122 273 195 352 169 267 211 232 119 176 168 387 176 259 367 381 358 99  270 195 230 359 398 257 95  342
473 146 365 264 203 93  408 55  383 383 234 438 252 65  244 166 408 203 106 275 233 298 307 414 228 246 209 422 447 278 146 323 62  158 247 422 408 108 33  322 337 303 311 499 129 417 98  313 0   504 476 131 276 453 398 263 119 430 339 56  414 17  271 232 334 230 220 351 408 343 306 303 191 410 330 469 310 166 373 354 194 484 249 171 233 175 445 75  98  379 91  358 64  415 206 128 402 118 404 30 
130 440 310 267 326 550 251 521 271 445 359 176 421 480 318 402 336 437 418 363 326 346 378 167 427 450 339 465 118 451 407 302 517 373 399 92  319 400 535 194 337 213 206 40  438 112 582 224 504 0   145 454 391 51  250 377 499 157 316 541 328 489 292 356 300 350 397 154 163 235 368 365 407 199 176 148 235 479 350 263 435 58  343 336 392 515 59  465 528 382 520 146 475 117 341 504 387 412 198 534
15  374 397 302 274 498 120 477 146 316 277 46  325 435 245 338 201 471 415 420 362 410 445 62  469 496 365 331 235 347 419 196 506 323 306 104 184 388 509 161 221 249 170 182 447 84  535 277 476 145 0   391 290 128 123 281 506 268 202 523 192 463 339 396 190 389 313 189 67  310 259 431 332 78  168 7   166 404 438 152 466 87  389 307 435 438 130 459 472 253 466 177 465 81  279 440 254 365 298 506
392 18  405 273 128 108 302 99  274 251 119 348 121 66  146 53  286 292 175 334 271 352 371 330 312 337 247 290 427 146 217 212 191 83  119 363 289 149 159 260 216 288 247 460 218 351 148 313 131 454 391 0   148 403 293 138 237 422 223 187 294 132 297 286 222 281 94  316 326 356 181 363 66  317 279 384 228 44  425 250 282 420 299 136 303 75  395 178 81  252 76  319 174 347 114 50  275 57  408 151
295 131 450 307 135 250 178 247 149 115 60  243 36  213 96  112 141 394 284 406 333 415 443 235 408 437 316 156 404 60  317 93  330 141 29  299 147 252 305 213 76  294 202 409 330 279 291 329 276 391 290 148 0   344 172 20  366 413 91  332 150 272 343 360 99  353 56  291 235 378 36  431 85  211 241 283 160 135 480 137 385 344 366 186 389 161 338 306 223 104 220 288 304 273 109 181 127 165 414 298
113 389 284 223 274 498 217 469 233 405 310 148 373 429 268 351 301 395 370 327 283 312 345 131 387 411 294 428 107 404 360 258 468 322 351 45  284 351 484 143 295 168 155 66  391 69  531 183 453 51  128 403 344 0   215 330 452 142 274 491 294 438 251 314 257 308 348 106 125 203 323 332 357 164 125 128 186 428 325 221 393 52  303 285 352 465 8   417 476 343 469 97  426 75  291 453 351 361 177 484
132 276 423 297 198 402 10  388 23  195 174 78  208 347 154 242 86  443 362 417 347 415 448 84  448 477 342 214 305 226 378 83  439 240 192 172 69  331 431 145 99  255 144 279 402 146 441 291 398 250 123 293 172 215 0   167 454 329 81  451 79  389 338 381 73  374 205 216 89  336 139 435 229 51  170 117 107 297 461 44  437 195 380 246 419 328 212 399 375 132 370 207 403 140 192 338 136 281 347 426
286 121 430 286 115 243 175 238 145 134 41  236 44  202 76  98  147 375 266 386 313 395 423 225 389 418 296 175 387 76  299 85  316 123 24  285 151 234 294 196 78  275 185 394 313 265 284 309 263 377 281 138 20  330 167 0   349 395 89  319 155 259 323 340 94  333 44  273 224 358 43  411 73  203 224 274 144 132 460 129 366 332 346 166 369 161 323 289 216 116 213 271 289 260 89  176 139 150 395 287
500 248 289 233 258 211 464 175 443 479 313 475 350 178 308 254 482 101 92  192 181 218 215 448 127 137 163 520 417 380 91  390 63  227 339 431 479 123 116 344 413 286 336 485 60  434 205 282 119 499 506 237 366 452 454 349 0   392 410 91  487 110 221 163 401 165 310 345 440 295 390 216 283 452 342 500 352 277 286 411 94  492 181 208 146 292 444 60  218 465 211 355 63  433 272 245 488 201 357 125
254 413 155 166 303 498 334 462 341 499 363 278 434 427 321 380 412 312 329 225 210 203 231 254 296 314 231 529 39  470 304 345 426 340 410 166 397 322 456 203 385 134 212 123 334 192 522 116 430 157 268 422 413 142 329 395 392 0   366 454 407 413 171 232 347 228 398 122 245 98  403 220 396 285 174 267 259 458 194 319 312 194 216 286 262 495 138 374 481 443 473 127 385 197 328 470 456 369 42  459
209 205 433 294 153 330 87  321 58  133 105 156 128 282 102 175 72  417 321 408 335 412 443 152 427 456 324 163 349 145 345 24  387 185 113 229 69  288 371 163 21  266 156 340 365 205 371 303 339 316 202 223 91  274 81  89  410 366 0   394 76  332 335 367 18  359 130 245 154 351 57  430 156 124 193 195 109 221 468 53  410 264 369 207 401 250 269 352 303 78  299 238 354 199 137 264 94  221 375 365
520 203 370 288 254 129 461 100 437 439 290 487 309 121 297 222 464 190 125 275 247 300 302 462 216 228 224 478 474 333 153 378 30  211 303 463 463 140 32  366 393 333 355 533 128 461 115 338 56  541 523 187 332 491 451 319 91  454 394 0   470 62  287 239 389 238 276 386 455 362 362 301 247 460 371 517 359 219 372 407 182 525 256 216 229 225 483 80  143 436 138 394 68  459 259 179 459 173 424 41 
204 276 493 359 229 399 76  393 66  127 180 152 185 355 179 249 10  491 397 477 405 478 510 162 500 529 395 139 385 190 420 97  463 261 177 252 10  365 446 215 77  324 211 358 441 225 440 361 414 328 192 294 150 294 79  155 487 407 76  470 0   408 401 437 87  430 199 291 169 408 114 497 227 129 242 187 167 286 529 94  484 271 438 283 473 310 291 429 372 67  368 283 431 219 214 331 62  297 423 439
461 145 348 247 192 107 399 68  374 381 228 426 251 68  235 161 402 189 90  259 216 282 291 402 213 232 192 421 430 278 130 315 59  148 244 408 401 91  46  308 331 287 297 484 114 404 115 297 17  489 463 132 272 438 389 259 110 413 332 62  408 0   253 216 326 214 216 335 395 326 301 287 187 399 316 457 298 169 357 344 179 469 233 157 217 182 430 61  109 375 101 343 51  401 197 135 398 111 387 46 
329 294 109 41  209 350 347 311 339 452 283 324 351 282 250 270 401 146 164 81  39  77  110 295 135 160 62  490 198 389 134 311 258 225 329 244 390 166 293 194 349 90  194 271 163 256 367 68  271 292 339 297 343 251 338 323 221 171 335 287 401 253 0   64  319 59  307 152 285 75  348 97  294 313 175 335 234 339 136 307 144 300 51  167 100 372 244 207 338 410 329 164 219 258 237 338 430 239 137 297
387 287 132 94  225 320 391 280 379 473 299 377 360 257 272 270 436 81  127 48  34  67  85  347 73  100 43  513 261 398 86  343 208 227 341 304 427 140 250 243 378 149 240 335 111 315 331 131 232 356 396 286 360 314 381 340 163 232 367 239 437 216 64  0   352 7   316 212 338 134 371 76  298 362 229 391 274 330 142 346 81  362 17  174 39  360 306 161 313 438 304 224 173 316 251 320 459 230 195 255
196 204 415 278 143 330 81  319 52  152 103 144 135 279 93  172 85  404 311 393 320 395 427 137 413 442 309 182 331 156 333 11  380 178 118 212 78  278 366 145 38  248 138 323 354 188 370 285 334 300 190 222 99  257 73  94  401 347 18  389 87  326 319 352 0   344 132 226 139 334 69  414 156 111 174 183 91  224 451 38  397 249 354 196 387 255 252 344 303 96  299 220 346 182 130 265 112 216 357 361
380 281 134 87  218 317 383 277 371 466 292 370 354 254 265 264 429 87  124 54  27  71  91  340 80  107 36  505 256 392 85  335 208 220 334 297 420 136 249 236 370 143 232 330 111 308 329 126 230 350 389 281 353 308 374 333 165 228 359 238 430 214 59  7   344 0   310 205 331 130 363 81  292 355 221 384 267 325 146 339 85  355 19  167 46  355 300 160 309 431 300 217 173 309 244 316 452 224 192 254
317 76  416 273 99  200 214 193 185 169 38  268 44  158 80  56  192 344 231 363 292 375 401 254 360 388 273 209 394 82  267 122 274 91  28  305 195 200 250 207 122 270 195 410 278 288 240 302 220 397 313 94  56  348 205 44  310 398 130 276 199 216 307 316 132 310 0   279 252 350 87  390 29  236 233 306 162 92  444 164 335 356 325 143 342 124 341 250 173 159 169 279 249 283 72  133 182 109 393 243
178 305 211 119 190 404 223 372 225 377 244 182 314 333 201 269 295 291 264 231 179 221 255 153 285 311 188 408 114 349 254 223 362 233 290 92  281 246 381 81  264 62  90  148 284 105 433 87  351 154 189 316 291 106 216 273 345 122 245 386 291 335 152 212 226 205 279 0   143 124 280 241 281 179 51  186 136 348 251 200 288 150 203 187 251 385 98  311 384 322 376 12  320 108 212 366 336 268 131 381
66  309 355 246 207 431 92  409 108 282 215 39  268 368 180 272 176 410 349 366 303 359 394 9   410 438 304 303 219 294 354 143 438 255 247 83  159 321 441 97  175 196 104 190 382 56  468 228 408 163 67  326 235 125 89  224 440 245 154 455 169 395 285 338 139 331 252 143 0   267 208 380 268 40  109 61  99  341 395 101 405 110 333 239 377 376 122 392 406 219 399 132 398 50  213 375 225 297 268 438
298 350 87  83  251 418 344 381 342 478 321 306 391 349 282 321 410 214 238 129 115 110 142 277 199 218 137 513 129 429 209 328 333 277 368 207 397 236 367 193 368 85  197 209 238 226 438 49  343 235 310 356 378 203 336 358 295 98  351 362 408 326 75  134 334 130 350 124 267 0   376 129 342 302 166 307 243 396 127 314 214 255 118 220 164 431 196 282 405 429 396 135 293 230 278 400 446 299 62  370
266 163 452 310 146 285 145 280 115 104 77  213 72  245 99  140 106 411 305 415 342 422 451 207 424 453 327 142 390 87  336 65  359 163 63  278 110 273 337 199 41  291 190 389 351 255 326 326 306 368 259 181 36  323 139 43  390 403 57  362 114 301 348 371 69  363 87  280 208 376 0   440 116 181 229 252 144 171 484 107 403 318 376 200 402 197 317 331 258 74  255 276 330 250 122 216 97  192 407 330
420 363 78  138 296 392 444 352 436 543 370 419 434 332 340 346 497 115 200 28  98  20  13  390 91  99  117 582 255 472 157 406 270 302 414 331 487 216 316 291 443 184 291 337 174 347 401 153 303 365 431 363 431 332 435 411 216 220 430 301 497 287 97  76  414 81  390 241 380 129 440 0   373 409 271 427 331 407 71  404 121 383 65  247 71  436 325 228 387 504 378 253 240 349 323 396 524 306 177 323
334 48  404 263 93  173 237 165 209 196 55  288 67  129 89  30  220 321 207 346 276 359 383 271 338 365 255 236 395 101 244 146 246 71  56  315 222 175 221 214 150 266 202 417 253 300 214 296 191 407 332 66  85  357 229 73  283 396 156 247 227 187 294 298 156 292 29  281 268 342 116 373 0   255 237 325 174 72  429 186 312 368 308 127 322 108 349 223 146 188 142 282 221 295 68  109 211 82  388 214
85  300 389 273 207 424 52  406 72  246 201 32  246 365 171 263 137 431 360 394 328 389 423 33  432 461 326 265 259 268 371 118 445 253 227 123 120 331 443 119 144 226 122 229 397 96  463 260 410 199 78  317 211 164 51  203 452 285 124 460 129 399 313 362 111 355 236 179 40  302 181 409 255 0   138 71  101 327 429 74  425 144 359 247 401 360 162 401 398 183 392 168 406 90  207 364 187 295 306 439
160 266 253 136 151 373 177 344 177 325 196 148 265 304 153 229 246 303 254 257 194 251 285 119 301 329 197 357 163 300 253 171 350 197 241 91  232 231 362 29  212 87  39  181 282 91  406 122 330 176 168 279 241 125 170 224 342 174 193 371 242 316 175 229 174 221 233 51  109 166 229 271 237 138 0   163 85  307 291 150 298 153 223 160 268 344 117 300 351 271 343 47  308 90  169 329 285 235 182 361
17  367 394 298 268 491 114 470 140 311 270 39  318 428 238 330 196 466 409 416 357 407 441 55  464 491 360 326 234 340 413 190 499 316 299 102 179 382 502 155 215 244 163 184 442 80  528 273 469 148 7   384 283 128 117 274 500 267 195 517 187 457 335 391 183 384 306 186 61  307 252 427 325 71  163 0   159 397 435 145 461 89  384 301 430 431 130 452 465 247 459 174 459 78  272 433 248 358 297 499
165 212 326 193 108 332 116 310 105 240 124 127 187 269 84  174 168 336 259 311 241 311 344 104 341 370 234 272 246 220 272 86  344 156 164 142 156 230 343 55  127 158 47  250 298 125 369 195 310 235 166 228 160 186 107 144 352 259 109 359 167 298 234 274 91  267 162 136 99  243 144 331 174 101 85  159 0   247 362 73  330 194 274 145 311 283 179 300 307 187 301 131 305 121 114 278 203 198 266 340
407 46  448 313 157 116 305 122 276 224 126 359 102 100 162 78  277 336 219 379 314 396 415 344 357 381 291 262 461 116 261 214 227 119 108 387 282 194 189 285 210 325 272 488 262 372 157 352 166 479 404 44  135 428 297 132 277 458 221 219 286 169 339 330 224 325 92  348 341 396 171 407 72  327 307 397 247 0   469 256 327 441 343 176 348 37  420 220 90  235 89  349 214 368 137 47  257 101 446 180
425 424 40  174 346 462 469 422 465 588 420 433 487 400 386 404 531 185 269 98  154 75  71  405 161 162 178 625 233 526 227 444 341 359 466 334 519 282 388 316 483 205 318 317 246 354 471 169 373 350 438 425 480 325 461 460 286 194 468 372 529 357 136 142 451 146 444 251 395 127 484 71  429 429 291 435 362 469 0   435 191 378 127 302 142 500 319 299 455 544 446 263 311 357 373 462 563 368 152 394
158 232 398 266 154 358 54  343 33  184 131 106 172 303 109 198 96  405 319 384 313 384 417 99  411 441 305 211 300 195 337 44  395 196 154 176 83  288 387 121 74  230 117 287 360 152 398 267 354 263 152 250 137 221 44  129 411 319 53  407 94  344 307 346 38  339 164 200 101 314 107 404 186 74  150 145 73  256 435 0   398 211 346 203 383 288 216 356 331 124 326 192 359 146 147 295 136 236 332 382
458 288 196 169 258 287 446 248 431 501 326 443 378 237 309 282 482 9   107 98  109 125 121 414 34  54  101 542 342 413 68  387 152 244 362 379 475 136 202 308 417 225 302 416 66  387 289 211 194 435 466 282 385 393 437 366 94  312 410 182 484 179 144 81  397 85  335 288 405 214 403 121 312 425 298 461 330 327 191 398 0   438 96  203 53  350 385 118 287 475 279 299 129 388 280 305 497 232 274 209
72  405 337 269 294 521 195 495 216 390 318 119 376 454 279 367 279 441 407 377 329 363 396 112 435 460 338 409 157 403 402 253 504 343 354 62  262 385 516 163 285 213 175 95  432 69  555 232 484 58  87  420 344 52  195 332 492 194 264 525 271 469 300 362 249 355 356 150 110 255 318 383 368 144 153 89  194 441 378 211 438 0   351 313 400 477 58  453 497 327 490 139 462 73  306 471 331 383 229 514
379 299 115 86  231 336 389 296 379 479 306 372 369 272 277 280 438 96  143 39  34  52  76  342 84  108 52  518 245 407 104 345 226 236 349 295 428 155 268 239 381 141 237 321 128 307 348 119 249 343 389 299 366 303 380 346 181 216 369 256 438 233 51  17  354 19  325 203 333 118 376 65  308 359 223 384 274 343 127 346 96  351 0   181 49  373 295 179 328 442 319 215 191 308 258 334 462 242 178 273
304 130 277 138 55  216 256 185 236 301 125 272 187 145 105 103 280 211 116 221 149 232 258 247 223 252 130 341 294 225 137 185 198 58  167 251 274 85  203 151 214 152 140 335 158 246 246 176 171 336 307 136 186 285 246 166 208 286 207 216 283 157 167 174 196 167 143 187 239 220 200 247 127 247 160 301 145 176 302 203 203 313 181 0   202 211 276 154 197 271 188 192 159 244 78  183 293 82  271 201
426 306 144 133 255 324 428 284 416 503 328 416 386 267 304 293 471 50  133 46  73  72  74  386 35  61  77  543 293 423 89  377 199 251 368 343 463 154 245 282 411 188 278 370 104 354 331 168 233 392 435 303 389 352 419 369 146 262 401 229 473 217 100 39  387 46  342 251 377 164 402 71  322 401 268 430 311 348 142 383 53  400 49  202 0   375 344 158 320 471 312 262 170 355 280 333 492 249 223 252
441 81  481 348 194 106 336 125 307 236 160 393 125 115 198 115 301 359 243 408 346 426 444 378 381 405 322 272 497 129 287 246 237 155 136 423 308 221 193 322 237 361 309 525 284 408 144 387 175 515 438 75  161 465 328 161 292 495 250 225 310 182 372 360 255 355 124 385 376 431 197 436 108 360 344 431 283 37  500 288 350 477 373 211 375 0   457 238 84  256 87  386 231 404 174 47  277 133 482 184
115 381 278 215 267 490 215 461 229 401 303 146 367 421 261 344 298 387 361 319 275 305 338 129 379 404 286 425 104 398 352 253 459 313 344 40  282 342 476 135 290 159 148 71  383 65  522 176 445 59  130 395 338 8   212 323 444 138 269 483 291 430 244 306 252 300 341 98  122 196 317 325 349 162 117 130 179 420 319 216 385 58  295 276 344 457 0   408 468 339 460 88  417 72  283 445 347 352 172 475
454 188 294 209 202 169 409 129 388 419 253 426 290 123 250 194 424 127 47  201 168 225 232 399 152 171 144 460 395 321 74  333 52  168 279 391 421 70  89  298 355 255 289 456 54  391 173 259 75  465 459 178 306 417 399 289 60  374 352 80  429 61  207 161 344 160 250 311 392 282 331 228 223 401 300 452 300 220 299 356 118 453 179 154 158 238 408 0   170 405 162 319 12  390 214 192 428 141 344 94 
473 99  442 322 203 27  384 43  356 314 200 430 191 56  227 134 364 296 187 358 306 380 393 410 320 341 281 351 491 206 231 293 158 155 194 439 367 174 111 335 295 348 323 531 221 428 68  367 98  528 472 81  223 476 375 216 218 481 303 143 372 109 338 313 303 309 173 384 406 405 258 387 146 398 351 465 307 90  455 331 287 497 328 197 320 84  468 170 0   325 9   388 160 425 193 43  347 116 462 101
263 235 510 370 216 352 133 351 111 63  151 210 133 317 166 214 56  483 379 481 408 486 517 215 494 524 395 86  425 129 408 101 433 237 133 299 71  346 409 241 61  344 234 409 425 273 392 381 379 382 253 252 104 343 132 116 465 443 78  436 67  375 410 438 96  431 159 322 219 429 74  504 188 183 271 247 187 235 544 124 475 327 442 271 471 256 339 405 325 0   323 315 405 267 195 282 23  266 453 402
466 94  433 313 196 31  379 37  351 314 195 423 189 47  221 129 360 288 178 350 297 371 384 404 312 333 272 352 482 206 222 288 152 147 191 431 364 165 106 327 291 339 315 523 213 421 71  358 91  520 466 76  220 469 370 213 211 473 299 138 368 101 329 304 299 300 169 376 399 396 255 378 142 392 343 459 301 89  446 326 279 490 319 188 312 87  460 162 9   323 0   380 153 418 186 43  345 108 453 96 
166 307 223 130 192 409 213 378 217 371 242 170 312 338 199 271 287 303 272 243 191 233 267 142 297 323 199 402 116 347 264 217 371 236 288 80  272 254 389 76  258 74  86  142 294 93  439 99  358 146 177 319 288 97  207 271 355 127 238 394 283 343 164 224 220 217 279 12  132 135 276 253 282 168 47  174 131 349 263 192 299 139 215 192 262 386 88  319 388 315 380 0   329 96  213 369 329 272 140 388
461 184 306 220 205 158 413 119 391 417 254 432 287 116 253 192 426 138 57  213 180 238 244 405 163 181 156 458 406 317 87  335 42  169 277 399 423 77  76  305 355 266 296 466 66  399 161 270 64  475 465 174 304 426 403 289 63  385 354 68  431 51  219 173 346 173 249 320 398 293 330 240 221 406 308 459 305 214 311 359 129 462 191 159 170 231 417 12  160 405 153 329 0   397 216 184 428 139 355 82 
71  332 317 222 222 449 143 423 157 329 245 80  304 382 205 294 226 392 344 339 282 329 363 58  389 416 286 353 169 333 344 184 439 270 282 32  210 320 447 93  220 167 104 141 373 6   484 195 415 117 81  347 273 75  140 260 433 197 199 459 219 401 258 316 182 309 283 108 50  230 250 349 295 90  90  78  121 368 357 146 388 73  308 244 355 404 72  390 425 267 418 96  397 0   233 397 275 312 223 445
279 98  345 202 27  218 202 198 177 223 48  238 114 157 37  61  209 288 185 297 224 307 334 217 301 330 207 263 326 152 213 119 250 48  92  250 206 152 239 148 140 199 135 350 230 237 256 230 206 341 279 114 109 291 192 89  272 328 137 259 214 197 237 251 130 244 72  212 213 278 122 323 68  207 169 272 114 137 373 147 280 306 258 78  280 174 283 214 193 195 186 213 216 233 0   164 218 88  321 234
442 65  444 316 178 69  347 79  318 271 164 396 148 68  195 103 322 314 200 367 308 387 403 379 337 360 284 309 476 163 244 255 190 133 153 414 327 180 147 310 255 336 298 510 239 402 110 359 128 504 440 50  181 453 338 176 245 470 264 179 331 135 338 320 265 316 133 366 375 400 216 396 109 364 329 433 278 47  462 295 305 471 334 183 333 47  445 192 43  282 43  369 184 397 164 0   304 101 454 138
265 258 528 389 238 374 136 374 117 66  174 213 156 340 188 237 52  505 402 502 428 506 537 220 516 545 416 78  436 148 431 118 456 260 156 307 69  369 432 256 81  361 250 416 448 281 415 398 402 387 254 275 127 351 136 139 488 456 94  459 62  398 430 459 112 452 182 336 225 446 97  524 211 187 285 248 203 257 563 136 497 331 462 293 492 277 347 428 347 23  345 329 428 275 218 304 0   289 467 425
364 57  348 216 90  137 290 112 265 278 117 325 149 70  126 53  291 242 125 278 213 295 315 303 260 287 190 319 376 182 165 205 167 42  138 324 290 96  151 220 220 235 208 414 171 315 172 257 118 412 365 57  165 361 281 150 201 369 221 173 297 111 239 230 216 224 109 268 297 299 192 306 82  295 235 358 198 101 368 236 232 383 242 82  249 133 352 141 116 266 108 272 139 312 88  101 289 0   353 145
284 400 113 140 295 477 353 439 357 507 360 303 431 406 319 370 427 273 300 184 177 161 188 277 256 273 199 539 81  469 271 353 395 327 407 194 412 296 429 212 394 122 219 165 300 218 498 95  404 198 298 408 414 177 347 395 357 42  375 424 423 387 137 195 357 192 393 131 268 62  407 177 388 306 182 297 266 446 152 332 274 229 178 271 223 482 172 344 462 453 453 140 355 223 321 454 467 353 0   432
504 167 388 293 232 88  436 59  410 402 259 468 272 85  272 190 433 218 132 295 259 320 326 444 243 259 234 441 476 295 168 350 62  186 269 453 433 137 9   352 362 333 341 530 148 448 80  342 30  534 506 151 298 484 426 287 125 459 365 41  439 46  297 255 361 254 243 381 438 370 330 323 214 439 361 499 340 180 394 382 209 514 273 201 252 184 475 94  101 402 96  388 82  445 234 138 425 145 432 0  
0          25547
13967      14234
4650       4786
3682       3925
2708       2934
20531      20759
10412      10649
2787       3096
15902      15992
13255      13385
3122       3270
18400      18551
21590      21839
20031      20229
3159       3356
13926      14187
3999       4167
22552      22650
1496       1691
3531       3783
3627       3765
23918      24168
7442       7647
11866      12031
16687      17010
17785      18112
20265      20496
14301      14458
5817       5986
14197      14393
11496      11621
3177       3291
14958      15190
6233       6349
5249       5392
968        1187
1939       2122
16151      16348
22347      22490
21023      21335
24574      24670
24759      25086
16451      16694
8359       8488
12790      12824
7234       7366
9394       9696
15253      15516
20127      20216
8289       8438
5047       5158
2338       2453
259        429
13490      13784
23158      23456
10267      10438
12452      12690
5804       6048
161        296
6442       6568
24403      24695
21457      21539
8606       8881
15425      15483
7933       8162
12532      12876
21505      21728
5943       6186
21051      21186
6843       7089
13068      13268
8957       9236
19785      20016
0          155
16382      16583
19451      19702
14618      14744
12263      12308
18756      19015
11037      11401
549        816
9940       10146
1580       1705
8875       8936
22112      22181
10824      11092
15677      15924
20304      20547
23526      23800
23164      23355
6522       6758
13584      13782
18962      19226
10076      10227
1273       1465
22825      22948
17259      17453
5343       5505
6935       7167
2411       2708
