100
0   41  166 184 165 122 233 243 391 204 43  67  151 335 232 230 237 224 219 287 227 270 169 225 179 261 349 359 298 42  184 222 209 319 163 163 224 222 246 71  221 268 170 235 271 226 97  265 147 358 223 248 115 294 336 228 137 157 126 202 240 280 225 255 371 304 198 215 358 195 47  334 84  222 29  329 223 388 184 202 96  95  127 183 181 284 178 281 228 281 266 241 198 265 205 155 268 77  186 114
41  0   197 143 146 163 252 205 350 235 28  79  182 309 205 191 198 203 258 252 257 275 204 191 215 270 308 318 257 72  185 262 182 278 204 187 246 229 206 30  258 245 153 197 281 201 63  253 187 345 225 272 150 277 296 268 118 171 167 175 278 244 243 290 352 306 190 189 317 211 31  304 83  227 32  290 203 376 203 186 88  116 92  154 202 293 149 244 196 257 294 235 177 226 185 135 282 74  194 80 
166 197 0   332 329 104 335 349 512 262 176 127 16  501 398 337 346 389 210 450 285 401 26  306 217 162 470 472 437 126 148 206 375 448 123 260 313 143 370 218 240 433 204 392 389 274 260 423 73  513 166 328 189 456 486 203 302 284 97  368 241 441 331 272 533 438 193 382 491 90  213 500 242 357 195 481 387 543 293 365 258 222 290 257 283 407 256 370 393 447 328 211 237 368 370 321 377 151 122 277
184 143 332 0   143 306 330 117 217 347 158 205 316 229 143 107 107 166 391 136 366 312 343 148 340 360 179 194 115 212 268 397 125 142 346 288 336 319 88  116 383 189 199 65  334 196 97  236 330 315 302 363 277 239 154 404 134 250 310 120 407 124 319 412 293 330 246 131 177 321 147 205 170 273 164 149 170 342 289 172 156 224 77  151 294 337 145 165 105 193 394 289 199 133 158 133 346 184 290 87 
165 146 329 143 0   261 196 258 347 237 174 224 315 173 75  247 248 59  304 155 250 169 329 277 245 416 313 332 237 207 329 313 58  273 291 173 208 375 231 146 284 104 284 143 191 311 92  110 295 201 368 234 195 131 240 322 27  126 267 54  311 155 185 307 206 189 327 61  296 356 120 181 90  130 136 230 58  231 162 40  72  134 80  260 172 194 254 306 94  118 269 373 299 275 40  12  206 219 340 82 
122 163 104 306 261 0   232 358 512 158 156 133 100 433 335 345 352 318 121 401 182 303 87  329 114 259 469 477 421 104 219 120 315 441 42  159 209 232 366 192 143 363 246 356 288 315 216 340 38  427 248 224 88  377 458 121 237 189 7   309 150 396 229 177 455 341 254 320 480 184 163 441 171 262 144 451 315 456 193 291 190 135 245 282 181 306 278 390 340 378 225 285 279 379 300 255 274 160 202 232
233 252 335 330 196 232 0   435 542 93  272 297 329 310 253 422 426 218 185 341 85  92  319 437 134 477 507 524 433 262 413 196 246 468 232 76  29  443 417 274 147 249 402 340 62  453 244 188 268 243 450 44  146 229 435 207 196 82  240 245 172 345 10  150 294 126 432 246 493 403 222 341 173 80  221 424 212 265 49  191 180 138 254 405 54  81  399 481 287 264 81  474 429 455 208 202 42  311 408 248
243 205 349 117 258 358 435 0   164 437 203 230 333 334 258 13  10  283 462 228 458 426 367 58  420 321 122 123 120 254 237 466 242 110 400 382 437 286 46  175 463 303 159 158 446 116 191 353 371 430 260 464 355 354 190 471 245 353 359 237 483 214 425 495 403 447 199 248 155 306 224 301 264 385 235 192 288 456 390 289 255 313 183 97  393 451 96  48  217 305 491 230 139 21  275 247 456 202 267 187
391 350 512 217 347 512 542 164 0   565 356 390 496 339 309 175 166 344 606 236 584 508 529 216 558 480 42  46  109 410 400 611 305 75  554 505 551 446 145 320 601 342 322 204 536 269 315 410 529 461 419 578 494 393 139 618 346 466 514 304 624 224 531 630 414 518 359 308 57  471 361 294 388 476 376 150 350 480 504 363 373 442 294 261 511 536 260 160 266 337 610 384 299 147 345 340 553 363 431 305
204 235 262 347 237 158 93  437 565 0   247 256 259 382 306 423 429 276 92  392 25  183 242 426 45  415 526 541 460 219 364 103 294 490 147 63  64  386 428 263 56  315 370 373 155 430 251 264 190 331 398 68  90  306 475 114 226 112 165 291 83  392 95  70  377 218 391 296 521 340 212 405 177 159 203 465 271 355 83  246 192 124 271 387 69  175 382 478 332 330 67  429 400 458 262 238 133 276 353 260
43  28  176 158 174 156 272 203 356 247 0   52  160 336 232 190 197 231 260 275 270 300 185 182 222 242 313 321 268 55  157 263 209 285 198 203 264 201 210 42  264 273 130 216 305 184 89  281 174 374 197 289 158 306 312 268 147 193 158 202 282 266 263 298 380 332 164 216 326 183 58  330 109 253 52  307 231 404 223 214 115 134 117 140 221 317 135 239 220 285 309 208 157 224 213 163 305 46  166 105
67  79  127 205 224 133 297 230 390 256 52  0   111 389 284 217 225 282 249 326 280 338 140 196 223 195 347 352 310 37  117 251 261 323 175 224 285 155 245 92  262 325 116 265 337 182 141 329 141 422 155 307 165 356 359 253 197 224 133 254 276 317 290 297 430 371 136 268 365 132 104 382 150 290 92  354 282 452 248 263 160 160 169 148 244 351 145 258 272 337 322 176 148 250 264 213 333 27  119 158
151 182 16  316 315 100 329 333 496 259 160 111 0   487 383 321 330 375 213 434 283 392 36  291 215 159 454 456 420 111 137 209 361 432 125 253 308 137 354 202 241 420 190 376 382 260 245 411 75  502 158 324 182 443 470 207 288 275 94  354 244 426 324 273 520 429 181 367 475 86  198 486 229 347 180 465 373 532 286 352 245 212 274 242 276 399 240 354 377 433 326 201 223 352 356 307 370 135 112 262
335 309 501 229 173 433 310 334 339 382 336 389 487 0   104 328 324 114 462 108 387 233 501 376 402 573 322 347 246 377 482 472 127 285 461 322 333 531 290 300 436 70  422 175 271 426 247 122 468 127 519 354 362 84  200 483 199 272 440 134 463 123 301 451 75  223 469 120 282 520 288 46  263 230 306 189 118 142 299 143 245 302 221 380 312 260 374 377 125 55  391 513 427 342 133 180 297 379 498 231
232 205 398 143 75  335 253 258 309 306 232 284 383 104 0   249 248 36  378 88  317 201 399 291 319 470 282 304 202 273 380 387 23  242 366 244 270 428 220 196 356 46  324 109 232 335 143 101 369 172 418 295 270 96  186 397 98  194 341 30  383 93  242 377 154 208 369 16  254 416 185 106 164 176 203 174 42  199 228 62  145 209 118 287 239 229 281 305 44  54  331 415 332 271 44  80  253 275 395 128
230 191 337 107 247 345 422 13  175 423 190 217 321 328 249 0   9   274 449 224 445 415 355 55  407 314 132 135 123 241 229 452 233 118 387 369 424 278 46  161 450 295 151 152 434 113 178 344 358 422 253 451 341 346 191 458 233 340 346 228 470 209 412 482 396 436 192 239 163 297 211 297 251 373 222 193 278 448 377 278 242 300 170 89  380 439 87  59  209 298 478 225 133 34  265 236 444 190 258 175
237 198 346 107 248 352 426 10  166 429 197 225 330 324 248 9   0   273 455 219 450 417 363 62  413 323 124 126 115 249 238 459 232 109 395 374 428 287 39  168 456 293 160 149 436 120 182 343 366 420 262 455 348 344 184 465 236 344 354 227 476 205 415 488 394 437 201 238 154 306 216 292 256 375 228 186 278 446 381 279 246 305 173 98  384 441 96  58  207 296 483 233 142 29  265 237 447 198 267 178
224 203 389 166 59  318 218 283 344 276 231 282 375 114 36  274 273 0   352 123 285 165 388 312 292 473 316 337 236 266 384 361 42  275 346 215 237 431 249 200 328 45  334 142 196 352 145 70  354 152 423 261 248 77  222 371 86  164 325 46  355 129 208 347 148 173 378 37  290 414 179 129 148 141 195 210 6   181 196 30  131 188 125 303 208 193 296 331 78  59  297 424 345 298 18  68  217 276 397 132
219 258 210 391 304 121 185 462 606 92  260 249 213 462 378 449 455 352 0   458 104 275 186 441 60  372 565 576 506 215 339 10  362 532 88  141 156 349 463 288 40  394 365 428 247 432 293 350 138 421 367 155 114 391 532 22  287 190 124 358 31  456 188 64  464 311 375 366 568 299 245 481 227 248 230 523 347 446 169 322 245 173 318 396 155 267 391 499 396 409 138 405 398 484 336 303 224 275 321 306
287 252 450 136 155 401 341 228 236 392 275 326 434 108 88  224 219 123 458 0   403 286 455 275 400 496 216 240 138 324 403 466 97  177 436 328 358 454 183 234 439 108 336 73  320 328 190 179 432 225 438 383 347 158 102 476 171 280 407 101 466 14  331 462 183 289 383 95  179 451 241 72  235 265 260 90  130 246 315 150 215 286 160 286 325 315 281 270 62  101 419 425 335 235 132 155 341 310 424 173
227 257 285 366 250 182 85  458 584 25  270 280 283 387 317 445 450 285 104 403 0   178 265 449 68  440 545 560 477 243 389 114 306 508 168 78  57  410 448 285 64  322 395 389 146 454 271 267 213 328 423 51  115 308 489 125 241 123 188 303 87  404 91  65  377 211 416 307 538 365 234 413 196 159 225 479 280 351 89  256 210 145 289 410 78  165 405 500 344 337 43  454 425 479 272 252 122 301 378 279
270 275 401 312 169 303 92  426 508 183 300 338 392 233 201 415 417 165 275 286 178 0   390 441 221 529 477 498 399 307 454 286 202 437 312 147 121 491 399 289 239 183 428 303 38  468 246 112 342 151 493 133 215 149 387 298 182 117 311 204 265 293 88  242 206 37  465 200 454 458 243 270 191 47  249 375 158 173 112 145 189 182 245 417 125 28  411 474 242 195 168 509 450 444 162 179 65  345 455 243
169 204 26  343 329 87  319 367 529 242 185 140 36  501 399 355 363 388 186 455 265 390 0   326 197 187 486 490 450 132 174 181 377 463 99  246 296 169 385 226 218 433 226 400 375 297 265 418 52  507 192 310 175 452 497 178 302 273 79  371 217 448 316 249 530 427 218 383 506 116 216 503 240 347 197 492 386 537 280 363 257 214 295 277 269 393 275 390 397 447 308 237 259 386 369 321 362 166 148 282
225 191 306 148 277 329 437 58  216 426 182 196 291 376 291 55  62  312 441 275 449 441 326 0   404 265 176 172 178 226 183 443 272 168 371 377 435 230 102 164 446 337 107 202 456 58  196 380 337 463 204 462 340 386 246 447 259 354 329 266 464 261 427 480 442 465 143 279 213 255 217 347 264 397 224 248 315 490 390 312 258 306 197 49  391 464 51  63  254 342 486 172 83  70  301 265 463 169 214 198
179 215 217 340 245 114 134 420 558 45  222 223 215 402 319 407 413 292 60  400 68  221 197 404 0   373 517 530 455 187 327 70  303 483 101 81  107 345 417 245 43  333 340 373 196 403 242 290 145 363 359 114 65  331 477 81  230 130 121 299 67  399 135 75  405 257 356 307 517 298 197 421 172 190 185 468 287 389 111 262 190 117 266 362 97  215 357 460 339 349 110 392 371 441 276 245 176 246 313 254
261 270 162 360 416 259 477 321 480 415 242 195 159 573 470 314 323 473 372 496 440 529 187 265 373 0   441 434 436 222 92  368 447 432 284 401 460 41  359 274 400 513 166 425 525 211 328 524 234 616 61  478 333 548 499 365 389 413 253 440 403 484 472 433 621 564 122 454 477 75  299 560 345 482 287 498 473 647 431 457 355 347 352 226 424 540 229 320 450 524 483 99  182 335 455 405 517 196 76  342
349 308 470 179 313 469 507 122 42  526 313 347 454 322 282 132 124 316 565 216 545 477 486 176 517 441 0   25  79  367 359 570 275 40  511 467 514 406 103 278 560 317 281 174 504 230 275 383 486 441 380 542 453 370 128 576 310 429 472 273 583 203 496 590 397 489 319 278 52  429 320 279 349 443 335 137 321 462 467 332 335 403 256 219 473 505 219 123 238 314 573 345 259 106 315 305 519 320 389 265
359 318 472 194 332 477 524 123 46  541 321 352 456 347 304 135 126 337 576 240 560 498 490 172 530 434 25  0   103 374 355 581 296 63  519 482 531 401 113 288 573 341 278 195 523 223 289 405 492 465 374 558 465 393 153 587 328 445 479 294 595 227 513 604 422 511 314 300 75  427 332 304 364 463 346 162 343 486 483 352 350 416 272 218 489 525 218 114 260 338 589 338 254 104 336 324 538 325 386 281
298 257 437 115 237 421 433 120 109 460 268 310 420 246 202 123 115 236 506 138 477 399 450 178 455 436 79  103 0   323 347 512 196 40  461 399 443 397 77  228 498 238 270 95  427 236 213 303 442 362 374 470 393 290 70  520 238 357 424 195 522 124 422 526 321 410 314 199 61  411 262 205 283 367 279 74  242 383 396 253 268 338 189 209 403 427 206 149 158 235 502 348 256 117 236 231 443 285 374 201
42  72  126 212 207 104 262 254 410 219 55  37  111 377 273 241 249 266 215 324 243 307 132 226 187 222 367 374 323 0   151 217 250 340 146 187 248 184 264 95  226 310 152 268 304 217 134 307 119 399 188 271 128 337 366 221 179 191 105 243 241 316 255 261 413 341 173 256 381 154 88  374 125 259 71  361 265 430 213 245 138 126 164 180 208 319 176 286 266 323 285 212 184 275 247 197 299 60  148 151
184 185 148 268 329 219 413 237 400 364 157 117 137 482 380 229 238 384 339 403 389 454 174 183 327 92  359 355 347 151 0   338 357 347 254 338 399 51  271 184 360 424 78  333 454 137 239 438 206 530 39  420 275 461 409 337 303 341 215 349 369 391 406 395 532 488 46  364 392 74  215 467 265 406 206 407 385 561 365 370 272 277 261 140 359 468 142 244 358 434 432 66  102 252 367 318 450 111 32  252
222 262 206 397 313 120 196 466 611 103 263 251 209 472 387 452 459 361 10  466 114 286 181 443 70  368 570 581 512 217 338 0   371 538 84  151 167 346 468 292 50  403 365 435 258 433 299 360 134 432 365 166 121 401 539 11  295 200 123 366 37  464 198 72  474 321 374 374 574 295 250 490 234 258 235 530 356 457 180 331 252 180 325 398 166 278 394 502 404 418 148 404 398 487 344 311 235 277 318 313
209 182 375 125 58  315 246 242 305 294 209 261 361 127 23  233 232 42  362 97  306 202 377 272 303 447 275 296 196 250 357 371 0   235 346 231 261 405 207 173 342 68  301 101 232 315 120 112 348 190 395 287 252 114 188 380 78  182 321 7   369 99  236 364 177 214 347 7   252 392 162 126 144 173 180 177 47  218 217 57  125 191 95  266 228 230 260 290 40  77  323 392 310 256 40  60  250 251 371 104
319 278 448 142 273 441 468 110 75  490 285 323 432 285 242 118 109 275 532 177 508 437 463 168 483 432 40  63  40  340 347 538 235 0   482 430 476 396 78  248 526 278 269 133 464 226 240 343 459 402 371 503 419 330 98  545 272 391 443 233 549 164 457 555 360 449 310 238 45  414 287 243 313 404 303 105 281 423 429 291 298 367 219 207 436 465 205 127 197 275 535 341 250 100 275 266 480 297 376 229
163 204 123 346 291 42  232 400 554 147 198 175 125 461 366 387 395 346 88  436 168 312 99  371 101 284 511 519 461 146 254 84  346 482 0   165 206 261 408 233 118 391 286 394 292 356 253 361 50  444 280 216 102 399 496 83  268 203 42  340 119 431 230 149 477 349 291 351 521 211 201 472 202 274 183 489 342 472 199 318 221 158 282 324 186 311 321 432 374 406 210 320 320 421 328 286 274 202 234 269
163 187 260 288 173 159 76  382 505 63  203 224 253 322 244 369 374 215 141 328 78  147 246 377 81  401 467 482 399 187 338 151 231 430 165 0   61  367 371 212 113 255 333 311 129 387 193 209 196 283 375 85  71  250 412 162 163 50  166 227 140 329 71  133 323 184 359 233 460 327 160 344 118 110 154 402 209 310 34  185 132 71  210 341 22  147 336 426 268 270 108 400 360 403 200 175 116 240 333 201
224 246 313 336 208 209 29  437 551 64  264 285 308 333 270 424 428 237 156 358 57  121 296 435 107 460 514 531 443 248 399 167 261 476 206 61  0   427 422 271 118 271 394 351 91  447 246 212 245 271 435 27  127 253 449 178 205 85  217 260 143 360 34  122 321 155 420 262 503 385 218 362 172 104 214 438 231 294 47  208 182 130 259 400 44  110 395 481 301 285 61  461 421 457 225 213 69  301 392 251
222 229 143 319 375 232 443 286 446 386 201 155 137 531 428 278 287 431 349 454 410 491 169 230 345 41  406 401 397 184 51  346 405 396 261 367 427 0   321 232 375 472 127 384 488 179 286 483 211 575 30  446 300 507 460 344 348 376 227 398 380 442 437 409 580 526 87  412 441 52  258 518 305 444 247 458 432 606 396 415 315 310 310 189 389 504 191 288 408 482 453 78  147 300 414 364 482 155 36  301
246 206 370 88  231 366 417 46  145 428 210 245 354 290 220 46  39  249 463 183 448 399 385 102 417 359 103 113 77  264 271 468 207 78  408 371 422 321 0   175 460 263 193 116 422 160 177 319 383 391 298 449 352 316 144 474 222 336 369 203 482 168 406 491 361 417 237 212 122 337 219 256 252 361 233 146 254 416 374 257 240 304 162 132 379 425 129 87  177 265 479 271 179 52  243 221 434 219 300 170
71  30  218 116 146 192 274 175 320 263 42  92  202 300 196 161 168 200 288 234 285 289 226 164 245 274 278 288 228 95  184 292 173 248 233 212 271 232 175 0   288 239 140 174 299 180 54  256 214 347 223 297 180 276 270 298 120 192 195 166 308 224 265 320 347 318 181 180 288 220 52  291 102 243 60  265 200 377 226 186 100 141 78  131 226 309 125 215 181 250 321 227 160 196 183 134 303 78  198 68 
221 258 240 383 284 143 147 463 601 56  264 262 241 436 356 450 456 328 40  439 64  239 218 446 43  400 560 573 498 226 360 50  342 526 118 113 118 375 460 288 0   368 378 415 209 443 285 319 167 387 391 115 108 361 518 61  270 163 148 338 27  439 151 34  433 273 393 345 560 326 240 457 214 215 228 509 323 411 138 298 231 159 308 403 124 229 399 502 378 383 98  426 410 484 313 284 186 286 345 297
268 245 433 189 104 363 249 303 342 315 273 325 420 70  46  295 293 45  394 108 322 183 433 337 333 513 317 341 238 310 424 403 68  278 391 255 271 472 263 239 368 0   369 149 218 382 185 72  399 127 462 293 292 53  210 414 131 204 370 75  395 118 240 385 108 182 415 61  285 457 222 91  193 169 239 198 48  153 233 73  176 232 162 333 246 211 327 349 86  15  330 460 378 315 64  112 242 317 438 171
170 153 204 199 284 246 402 159 322 370 130 116 190 422 324 151 160 334 365 336 395 428 226 107 340 166 281 278 270 152 78  365 301 269 286 333 394 127 193 140 378 369 0   263 435 70  192 394 245 485 105 418 280 411 333 368 260 324 244 294 392 323 394 413 478 458 47  308 314 148 185 403 237 381 182 332 336 514 353 324 240 264 208 62  351 446 64  169 297 378 435 91  33  175 319 272 435 94  108 202
235 197 392 65  143 356 340 158 204 373 216 265 376 175 109 152 149 142 428 73  389 303 400 202 373 425 174 195 95  268 333 435 101 133 394 311 351 384 116 174 415 149 263 0   331 255 140 210 383 276 367 378 314 202 103 444 147 267 360 99  441 60  329 442 245 315 310 105 153 385 192 145 201 272 211 95  147 301 305 158 183 256 111 213 313 331 207 203 65  149 411 352 261 167 141 138 348 246 355 124
271 281 389 334 191 288 62  446 536 155 305 337 382 271 232 434 436 196 247 320 146 38  375 456 196 525 504 523 427 304 454 258 232 464 292 129 91  488 422 299 209 218 435 331 0   479 260 149 325 187 493 98  200 187 418 269 200 113 296 232 234 326 61  209 243 65  468 230 484 452 250 307 197 61  252 407 190 208 95  174 199 178 263 429 106 19  423 493 272 231 132 512 458 464 191 200 27  348 453 259
226 201 274 196 311 315 453 116 269 430 184 182 260 426 335 113 120 352 432 328 454 468 297 58  403 211 230 223 236 217 137 433 315 226 356 387 447 179 160 180 443 382 70  255 479 0   222 418 316 504 151 473 341 429 305 436 290 372 314 309 458 314 444 478 489 495 92  322 270 211 231 400 282 422 233 306 355 533 404 349 280 317 230 50  403 488 57  109 301 388 493 115 37  125 340 299 483 157 169 228
97  63  260 97  92  216 244 191 315 251 89  141 245 247 143 178 182 145 293 190 271 246 265 196 242 328 275 289 213 134 239 299 120 240 253 193 246 286 177 54  285 185 192 140 260 222 0   202 243 293 277 273 179 222 242 307 68  162 220 113 309 183 234 315 293 272 234 127 274 272 52  241 74  201 71  235 146 323 199 132 64  127 30  172 203 268 165 236 132 196 302 280 207 210 128 80  267 131 252 17 
265 253 423 236 110 340 188 353 410 264 281 329 411 122 101 344 343 70  350 179 267 112 418 380 290 524 383 405 303 307 438 360 112 343 361 209 212 483 319 256 319 72  394 210 149 418 202 0   378 92  477 232 259 41  281 371 135 160 348 116 347 188 179 331 115 110 437 107 354 460 224 157 182 108 238 269 65  123 181 70  169 205 188 368 195 140 362 401 145 82  269 483 408 368 79  122 174 327 447 192
147 187 73  330 295 38  268 371 529 190 174 141 75  468 369 358 366 354 138 432 213 342 52  337 145 234 486 492 442 119 206 134 348 459 50  196 245 211 383 214 167 399 245 383 325 316 243 378 0   465 231 257 126 414 483 132 271 227 30  341 169 426 266 199 492 379 246 353 500 161 191 474 205 300 172 477 351 494 230 327 224 172 273 288 219 344 285 399 372 413 255 272 279 391 335 289 311 168 185 260
358 345 513 315 201 427 243 430 461 331 374 422 502 127 172 422 420 152 421 225 328 151 507 463 363 616 441 465 362 399 530 432 190 402 444 283 271 575 391 347 387 127 485 276 187 504 293 92  465 0   570 284 342 76  324 443 227 240 434 196 413 238 237 393 65  124 528 183 404 553 317 174 274 173 330 312 149 30  252 161 262 293 276 455 266 171 449 477 213 127 319 574 497 442 166 213 214 420 540 282
223 225 166 302 368 248 450 260 419 398 197 155 158 519 418 253 262 423 367 438 423 493 192 204 359 61  380 374 374 188 39  365 395 371 280 375 435 30  298 223 391 462 105 367 493 151 277 477 231 570 0   456 310 500 438 364 342 379 243 387 398 426 443 425 571 527 61  402 416 78  255 504 304 445 245 437 424 600 402 409 312 314 299 165 396 507 168 260 395 472 466 48  121 274 406 357 488 150 46  291
248 272 328 363 234 224 44  464 578 68  289 307 324 354 295 451 455 261 155 383 51  133 310 462 114 478 542 558 470 271 420 166 287 503 216 85  27  446 449 297 115 293 418 378 98  473 273 232 257 284 456 0   146 273 475 177 232 113 231 285 138 386 53  111 337 163 443 287 530 403 244 384 199 124 240 464 255 306 74  233 209 156 286 426 70  117 421 508 327 307 37  483 446 484 250 239 72  325 412 279
115 150 189 277 195 88  146 355 494 90  158 165 182 362 270 341 348 248 114 347 115 215 175 340 65  333 453 465 393 128 275 121 252 419 102 71  127 300 352 180 108 292 280 314 200 341 179 259 126 342 310 146 0   298 418 129 176 102 96  247 130 344 142 140 375 252 301 256 454 258 132 375 113 174 119 409 244 370 104 219 132 61  204 298 94  218 294 394 285 307 157 339 310 376 230 192 188 186 266 192
294 277 456 239 131 377 229 354 393 306 306 356 443 84  96  346 344 77  391 158 308 149 452 386 331 548 370 393 290 337 461 401 114 330 399 250 253 507 316 276 361 53  411 202 187 429 222 41  414 76  500 273 298 0   259 412 159 201 384 120 388 169 220 373 77  140 456 107 337 488 251 123 213 149 266 248 75  104 223 92  198 242 203 379 236 176 373 401 138 56  310 501 422 367 93  142 213 351 472 209
336 296 486 154 240 458 435 190 139 475 312 359 470 200 186 191 184 222 532 102 489 387 497 246 477 499 128 153 70  366 409 539 188 98  496 412 449 460 144 270 518 210 333 103 418 305 242 281 483 324 438 475 418 259 0   547 249 366 462 189 544 93  424 544 275 391 378 189 82  469 295 155 305 361 313 11  228 342 403 245 287 359 215 274 412 415 270 219 148 203 510 415 322 187 227 237 438 337 435 227
228 268 203 404 322 121 207 471 618 114 268 253 207 483 397 458 465 371 22  476 125 298 178 447 81  365 576 587 520 221 337 11  380 545 83  162 178 344 474 298 61  414 368 444 269 436 307 371 132 443 364 177 129 412 547 0   305 211 123 376 45  473 210 80  485 333 375 384 581 292 257 501 243 269 241 539 367 468 191 341 261 190 333 401 177 289 397 506 414 429 158 403 401 493 355 321 246 280 317 321
137 118 302 134 27  237 196 245 346 226 147 197 288 199 98  233 236 86  287 171 241 182 302 259 230 389 310 328 238 179 303 295 78  272 268 163 205 348 222 120 270 131 260 147 200 290 68  135 271 227 342 232 176 159 249 305 0   119 243 72  296 169 185 295 234 205 302 83  298 329 92  204 66  139 108 239 85  257 157 67  47  115 63  239 165 205 233 293 109 144 264 348 276 263 68  18  212 193 313 61 
157 171 284 250 126 189 82  353 466 112 193 224 275 272 194 340 344 164 190 280 123 117 273 354 130 413 429 445 357 191 341 200 182 391 203 50  85  376 336 192 163 204 324 267 113 372 162 160 227 240 379 113 102 201 366 211 119 0   197 179 191 281 72  182 276 154 356 184 418 341 141 293 90  73  141 356 159 268 38  134 98  65  174 323 46  127 317 398 221 219 144 399 348 373 150 129 111 235 340 166
126 167 97  310 267 7   240 359 514 165 158 133 94  440 341 346 354 325 124 407 188 311 79  329 121 253 472 479 424 105 215 123 321 443 42  166 217 227 369 195 148 370 244 360 296 314 220 348 30  434 243 231 96  384 462 123 243 197 0   315 154 401 236 182 462 348 251 326 483 178 168 447 177 269 149 455 322 463 200 298 196 142 250 282 189 314 279 391 346 385 231 281 278 380 306 261 282 160 197 237
202 175 368 120 54  309 245 237 304 291 202 254 354 134 30  228 227 46  358 101 303 204 371 266 299 440 273 294 195 243 349 366 7   233 340 227 260 398 203 166 338 75  294 99  232 309 113 116 341 196 387 285 247 120 189 376 72  179 315 0   365 101 234 361 184 216 340 14  251 385 155 132 138 173 173 178 51  224 215 58  119 186 88  260 225 232 253 285 41  84  321 385 303 251 41  55  250 244 364 97 
240 278 241 407 311 150 172 483 624 83  282 276 244 463 383 470 476 355 31  466 87  265 217 464 67  403 583 595 522 241 369 37  369 549 119 140 143 380 482 308 27  395 392 441 234 458 309 347 169 413 398 138 130 388 544 45  296 191 154 365 0   465 177 34  460 298 404 372 584 330 263 485 239 242 249 535 350 437 165 325 257 184 333 420 151 253 416 521 405 410 115 435 425 505 340 311 209 301 351 321
280 244 441 124 155 396 345 214 224 392 266 317 426 123 93  209 205 129 456 14  404 293 448 261 399 484 203 227 124 316 391 464 99  164 431 329 360 442 168 224 439 118 323 60  326 314 183 188 426 238 426 386 344 169 93  473 169 281 401 101 465 0   334 462 197 298 370 98  167 441 234 87  231 269 253 81  135 259 316 154 212 283 153 273 327 322 267 255 60  112 422 412 321 220 136 154 346 300 412 166
225 243 331 319 185 229 10  425 531 95  263 290 324 301 242 412 415 208 188 331 91  88  316 427 135 472 496 513 422 255 406 198 236 457 230 71  34  437 406 265 151 240 394 329 61  444 234 179 266 237 443 53  142 220 424 210 185 72  236 234 177 334 0   156 287 123 424 236 482 398 213 331 163 71  212 413 202 260 41  180 170 130 244 396 48  80  390 470 276 254 90  466 420 444 198 191 45  303 402 237
255 290 272 412 307 177 150 495 630 70  298 297 273 451 377 482 488 347 64  462 65  242 249 480 75  433 590 604 526 261 395 72  364 555 149 133 122 409 491 320 34  385 413 442 209 478 315 331 199 393 425 111 140 373 544 80  295 182 182 361 34  462 156 0   442 274 428 366 588 359 272 475 242 224 260 534 341 416 151 317 259 188 336 437 139 228 433 535 401 400 84  461 445 517 332 308 183 321 379 326
371 352 533 293 206 455 294 403 414 377 380 430 520 75  154 396 394 148 464 183 377 206 530 442 405 621 397 422 321 413 532 474 177 360 477 323 321 580 361 347 433 108 478 245 243 489 293 115 492 65  571 337 375 77  275 485 234 276 462 184 460 197 287 442 0   185 524 169 357 563 326 120 291 218 342 264 148 70  295 168 275 320 271 441 309 229 435 448 188 101 373 569 486 413 166 216 271 424 545 279
304 306 438 330 189 341 126 447 518 218 332 371 429 223 208 436 437 173 311 289 211 37  427 465 257 564 489 511 410 341 488 321 214 449 349 184 155 526 417 318 273 182 458 315 65  495 272 110 379 124 527 163 252 140 391 333 205 154 348 216 298 298 123 274 185 0   496 210 463 494 274 264 223 82  281 380 167 143 149 159 218 218 268 444 162 47  438 495 251 192 197 541 478 463 175 200 92  377 490 267
198 190 193 246 327 254 432 199 359 391 164 136 181 469 369 192 201 378 375 383 416 465 218 143 356 122 319 314 314 173 46  374 347 310 291 359 420 87  237 181 393 415 47  310 468 92  234 437 246 528 61  443 301 456 378 375 302 356 251 340 404 370 424 428 524 496 0   354 354 120 221 450 273 417 216 378 380 558 383 367 277 293 253 104 379 481 107 201 343 424 458 46  60  213 362 315 467 120 78  246
215 189 382 131 61  320 246 248 308 296 216 268 367 120 16  239 238 37  366 95  307 200 383 279 307 454 278 300 199 256 364 374 7   238 351 233 262 412 212 180 345 61  308 105 230 322 127 107 353 183 402 287 256 107 189 384 83  184 326 14  372 98  236 366 169 210 354 0   254 399 168 121 149 172 186 178 42  211 219 56  130 195 102 273 229 228 267 295 42  70  323 399 317 261 38  65  249 258 378 111
358 317 491 177 296 480 493 155 57  521 326 365 475 282 254 163 154 290 568 179 538 454 506 213 517 477 52  75  61  381 392 574 252 45  521 460 503 441 122 288 560 285 314 153 484 270 274 354 500 404 416 530 454 337 82  581 298 418 483 251 584 167 482 588 357 463 354 254 0   459 323 237 345 424 340 93  296 423 456 309 329 400 251 252 464 483 250 167 212 280 563 385 295 144 292 290 501 340 421 262
195 211 90  321 356 184 403 306 471 340 183 132 86  520 416 297 306 414 299 451 365 458 116 255 298 75  429 427 411 154 74  295 392 414 211 327 385 52  337 220 326 457 148 385 452 211 272 460 161 553 78  403 258 488 469 292 329 341 178 385 330 441 398 359 563 494 120 399 459 0   236 511 279 412 222 466 414 583 358 396 291 276 299 209 350 468 210 317 401 469 408 126 175 323 396 346 444 141 42  288
47  31  213 147 120 163 222 224 361 212 58  104 198 288 185 211 216 179 245 241 234 243 216 217 197 299 320 332 262 88  215 250 162 287 201 160 218 258 219 52  240 222 185 192 250 231 52  224 191 317 255 244 132 251 295 257 92  141 168 155 263 234 213 272 326 274 221 168 323 236 0   287 52  196 19  288 178 347 174 159 57  89  82  182 174 261 177 266 181 235 269 266 208 245 160 110 252 104 222 68 
334 304 500 205 181 441 341 301 294 405 330 382 486 46  106 297 292 129 481 72  413 270 503 347 421 560 279 304 205 374 467 490 126 243 472 344 362 518 256 291 457 91  403 145 307 400 241 157 474 174 504 384 375 123 155 501 204 293 447 132 485 87  331 475 120 264 450 121 237 511 287 0   270 260 306 144 134 189 324 159 251 315 213 356 336 298 351 342 110 77  421 494 404 307 145 186 331 369 486 224
84  83  242 170 90  171 173 264 388 177 109 150 229 263 164 251 256 148 227 235 196 191 240 264 172 345 349 364 283 125 265 234 144 313 202 118 172 305 252 102 214 193 237 201 197 282 74  182 205 274 304 199 113 213 305 243 66  90  177 138 239 231 163 242 291 223 273 149 345 279 52  270 0   143 58  296 146 304 126 123 19  55  94  233 128 209 227 309 173 207 227 318 260 285 129 84  201 154 269 83 
222 227 357 273 130 262 80  385 476 159 253 290 347 230 176 373 375 141 248 265 159 47  347 397 190 482 443 463 367 259 406 258 173 404 274 110 104 444 361 243 215 169 381 272 61  422 201 108 300 173 445 124 174 149 361 269 139 73  269 173 242 269 71  224 218 82  417 172 424 412 196 260 143 0   201 350 135 200 78  116 142 136 202 371 92  67  365 432 214 183 161 461 403 403 134 139 77  297 408 199
29  32  195 164 136 144 221 235 376 203 52  92  180 306 203 222 228 195 230 260 225 249 197 224 185 287 335 346 279 71  206 235 180 303 183 154 214 247 233 60  228 239 182 211 252 233 71  238 172 330 245 240 119 266 313 241 108 141 149 173 249 253 212 260 342 281 216 186 340 222 19  306 58  201 0   306 194 361 172 174 68  84  100 186 170 265 181 276 200 252 262 260 208 256 176 126 253 96  211 87 
329 290 481 149 230 451 424 192 150 465 307 354 465 189 174 193 186 210 523 90  479 375 492 248 468 498 137 162 74  361 407 530 177 105 489 402 438 458 146 265 509 198 332 95  407 306 235 269 477 312 437 464 409 248 11  539 239 356 455 178 535 81  413 534 264 380 378 178 93  466 288 144 296 350 306 0   217 331 393 234 278 350 207 274 402 404 270 223 137 191 499 415 322 190 216 227 427 333 433 220
223 203 387 170 58  315 212 288 350 271 231 282 373 118 42  278 278 6   347 130 280 158 386 315 287 473 321 343 242 265 385 356 47  281 342 209 231 432 254 200 323 48  336 147 190 355 146 65  351 149 424 255 244 75  228 367 85  159 322 51  350 135 202 341 148 167 380 42  296 414 178 134 146 135 194 217 0   178 190 25  129 184 127 305 202 187 299 336 84  63  291 426 347 302 17  68  211 276 397 133
388 376 543 342 231 456 265 456 480 355 404 452 532 142 199 448 446 181 446 246 351 173 537 490 389 647 462 486 383 430 561 457 218 423 472 310 294 606 416 377 411 153 514 301 208 533 323 123 494 30  600 306 370 104 342 468 257 268 463 224 437 259 260 416 70  143 558 211 423 583 347 189 304 200 361 331 178 0   278 191 292 322 306 484 292 190 477 503 239 151 340 604 526 468 195 243 235 450 570 312
184 203 293 289 162 193 49  390 504 83  223 248 286 299 228 377 381 196 169 315 89  112 280 390 111 431 467 483 396 213 365 180 217 429 199 34  47  396 374 226 138 233 353 305 95  404 199 181 230 252 402 74  104 223 403 191 157 38  200 215 165 316 41  151 295 149 383 219 456 358 174 324 126 78  172 393 190 278 0   166 135 89  212 357 14  113 351 435 257 248 106 425 380 410 183 166 86  262 361 204
202 186 365 172 40  291 191 289 363 246 214 263 352 143 62  278 279 30  322 150 256 145 363 312 262 457 332 352 253 245 370 331 57  291 318 185 208 415 257 186 298 73  324 158 174 349 132 70  327 161 409 233 219 92  245 341 67  134 298 58  325 154 180 317 168 159 367 56  309 396 159 159 123 116 174 234 25  191 166 0   107 159 118 298 178 173 292 337 98  88  269 413 338 305 17  52  193 260 380 122
96  88  258 156 72  190 180 255 373 192 115 160 245 245 145 242 246 131 245 215 210 189 257 258 190 355 335 350 268 138 272 252 125 298 221 132 182 315 240 100 231 176 240 183 199 280 64  169 224 262 312 209 132 198 287 261 47  98  196 119 257 212 170 259 275 218 277 130 329 291 57  251 19  142 68  278 129 292 135 107 0   72  78  230 139 208 224 300 153 190 239 323 260 275 112 65  204 161 279 69 
95  116 222 224 134 135 138 313 442 124 134 160 212 302 209 300 305 188 173 286 145 182 214 306 117 347 403 416 338 126 277 180 191 367 158 71  130 310 304 141 159 232 264 256 178 317 127 205 172 293 314 156 61  242 359 190 115 65  142 186 184 283 130 188 320 218 293 195 400 276 89  315 55  136 84  350 184 322 89  159 72  0   148 270 87  193 265 356 224 247 179 336 291 334 170 131 173 172 275 137
127 92  290 77  80  245 254 183 294 271 117 169 274 221 118 170 173 125 318 160 289 245 295 197 266 352 256 272 189 164 261 325 95  219 282 210 259 310 162 78  308 162 208 111 263 230 30  188 273 276 299 286 204 203 215 333 63  174 250 88  333 153 244 336 271 268 253 102 251 299 82  213 94  202 100 207 127 306 212 118 78  148 0   180 217 268 174 230 103 172 317 298 220 201 110 68  273 157 276 13 
183 154 257 151 260 282 405 97  261 387 140 148 242 380 287 89  98  303 396 286 410 417 277 49  362 226 219 218 209 180 140 398 266 207 324 341 400 189 132 131 403 333 62  213 429 50  172 368 288 455 165 426 298 379 274 401 239 323 282 260 420 273 396 437 441 444 104 273 252 209 182 356 233 371 186 274 305 484 357 298 230 270 180 0   356 438 6   112 254 340 448 141 48  114 289 248 434 121 169 178
181 202 283 294 172 181 54  393 511 69  221 244 276 312 239 380 384 208 155 325 78  125 269 391 97  424 473 489 403 208 359 166 228 436 186 22  44  389 379 226 124 246 351 313 106 403 203 195 219 266 396 70  94  236 412 177 165 46  189 225 151 327 48  139 309 162 379 229 464 350 174 336 128 92  170 402 202 292 14  178 139 87  217 356 0   125 351 438 267 261 99  420 378 413 194 175 94  259 354 209
284 293 407 337 194 306 81  451 536 175 317 351 399 260 229 439 441 193 267 315 165 28  393 464 215 540 505 525 427 319 468 278 230 465 311 147 110 504 425 309 229 211 446 331 19  488 268 140 344 171 507 117 218 176 415 289 205 127 314 232 253 322 80  228 229 47  481 228 483 468 261 298 209 67  265 404 187 190 113 173 208 193 268 438 125 0   432 499 270 223 150 525 469 469 190 204 45  361 468 266
178 149 256 145 254 278 399 96  260 382 135 145 240 374 281 87  96  296 391 281 405 411 275 51  357 229 219 218 206 176 142 394 260 205 321 336 395 191 129 125 399 327 64  207 423 57  165 362 285 449 168 421 294 373 270 397 233 317 279 253 416 267 390 433 435 438 107 267 250 210 177 351 227 365 181 270 299 477 351 292 224 265 174 6   351 432 0   114 249 334 443 146 53  113 283 242 428 118 171 171
281 244 370 165 306 390 481 48  160 478 239 258 354 377 305 59  58  331 499 270 500 474 390 63  460 320 123 114 149 286 244 502 290 127 432 426 481 288 87  215 502 349 169 203 493 109 236 401 399 477 260 508 394 401 219 506 293 398 391 285 521 255 470 535 448 495 201 295 167 317 266 342 309 432 276 223 336 503 435 337 300 356 230 112 438 499 114 0   263 351 535 224 142 35  323 295 503 230 275 234
228 196 393 105 94  340 287 217 266 332 220 272 377 125 44  209 207 78  396 62  344 242 397 254 339 450 238 260 158 266 358 404 40  197 374 268 301 408 177 181 378 86  297 65  272 301 132 145 372 213 395 327 285 138 148 414 109 221 346 41  405 60  276 401 188 251 343 42  212 401 181 110 173 214 200 137 84  239 257 98  153 224 103 254 267 270 249 263 0   88  362 388 301 228 80  93  291 259 376 115
281 257 447 193 118 378 264 305 337 330 285 337 433 55  54  298 296 59  409 101 337 195 447 342 349 524 314 338 235 323 434 418 77  275 406 270 285 482 265 250 383 15  378 149 231 388 196 82  413 127 472 307 307 56  203 429 144 219 385 84  410 112 254 400 101 192 424 70  280 469 235 77  207 183 252 191 63  151 248 88  190 247 172 340 261 223 334 351 88  0   344 469 385 316 78  126 255 328 448 181
266 294 328 394 269 225 81  491 610 67  309 322 326 391 331 478 483 297 138 419 43  168 308 486 110 483 573 589 502 285 432 148 323 535 210 108 61  453 479 321 98  330 435 411 132 493 302 269 255 319 466 37  157 310 510 158 264 144 231 321 115 422 90  84  373 197 458 323 563 408 269 421 227 161 262 499 291 340 106 269 239 179 317 448 99  150 443 535 362 344 0   496 464 512 286 273 105 341 421 308
241 235 211 289 373 285 474 230 384 429 208 176 201 513 415 225 233 424 405 425 454 509 237 172 392 99  345 338 348 212 66  404 392 341 320 400 461 78  271 227 426 460 91  352 512 115 280 483 272 574 48  483 339 501 415 403 348 399 281 385 435 412 466 461 569 541 46  399 385 126 266 494 318 461 260 415 426 604 425 413 323 336 298 141 420 525 146 224 388 469 496 0   93  241 408 361 510 164 89  292
198 177 237 199 299 279 429 139 299 400 157 148 223 427 332 133 142 345 398 335 425 450 259 83  371 182 259 254 256 184 102 398 310 250 320 360 421 147 179 160 410 378 33  261 458 37  207 408 279 497 121 446 310 422 322 401 276 348 278 303 425 321 420 445 486 478 60  317 295 175 208 404 260 403 208 322 347 526 380 338 260 291 220 48  378 469 53  142 301 385 464 93  0   153 331 287 460 124 134 216
265 226 368 133 275 379 455 21  147 458 224 250 352 342 271 34  29  298 484 235 479 444 386 70  441 335 106 104 117 275 252 487 256 100 421 403 457 300 52  196 484 315 175 167 464 125 210 368 391 442 274 484 376 367 187 493 263 373 380 251 505 220 444 517 413 463 213 261 144 323 245 307 285 403 256 190 302 468 410 305 275 334 201 114 413 469 113 35  228 316 512 241 153 0   291 265 475 223 283 207
205 185 370 158 40  300 208 275 345 262 213 264 356 133 44  265 265 18  336 132 272 162 369 301 276 455 315 336 236 247 367 344 40  275 328 200 225 414 243 183 313 64  319 141 191 340 128 79  335 166 406 250 230 93  227 355 68  150 306 41  340 136 198 332 166 175 362 38  292 396 160 145 129 134 176 216 17  195 183 17  112 170 110 289 194 190 283 323 80  78  286 408 331 291 0   50  211 258 379 116
155 135 321 133 12  255 202 247 340 238 163 213 307 180 80  236 237 68  303 155 252 179 321 265 245 405 305 324 231 197 318 311 60  266 286 175 213 364 221 134 284 112 272 138 200 299 80  122 289 213 357 239 192 142 237 321 18  129 261 55  311 154 191 308 216 200 315 65  290 346 110 186 84  139 126 227 68  243 166 52  65  131 68  248 175 204 242 295 93  126 273 361 287 265 50  0   214 208 329 70 
268 282 377 346 206 274 42  456 553 133 305 333 370 297 253 444 447 217 224 341 122 65  362 463 176 517 519 538 443 299 450 235 250 480 274 116 69  482 434 303 186 242 435 348 27  483 267 174 311 214 488 72  188 213 438 246 212 111 282 250 209 346 45  183 271 92  467 249 501 444 252 331 201 77  253 427 211 235 86  193 204 173 273 434 94  45  428 503 291 255 105 510 460 475 211 214 0   346 447 268
77  74  151 184 219 160 311 202 363 276 46  27  135 379 275 190 198 276 275 310 301 345 166 169 246 196 320 325 285 60  111 277 251 297 202 240 301 155 219 78  286 317 94  246 348 157 131 327 168 420 150 325 186 351 337 280 193 235 160 244 301 300 303 321 424 377 120 258 340 141 104 369 154 297 96  333 276 450 262 260 161 172 157 121 259 361 118 230 259 328 341 164 124 223 258 208 346 0   120 147
186 194 122 290 340 202 408 267 431 353 166 119 112 498 395 258 267 397 321 424 378 455 148 214 313 76  389 386 374 148 32  318 371 376 234 333 392 36  300 198 345 438 108 355 453 169 252 447 185 540 46  412 266 472 435 317 313 340 197 364 351 412 402 379 545 490 78  378 421 42  222 486 269 408 211 433 397 570 361 380 279 275 276 169 354 468 171 275 376 448 421 89  134 283 379 329 447 120 0   267
114 80  277 87  82  232 248 187 305 260 105 158 262 231 128 175 178 132 306 173 279 243 282 198 254 342 265 281 201 151 252 313 104 229 269 201 251 301 170 68  297 171 202 124 259 228 17  192 260 282 291 279 192 209 227 321 61  166 237 97  321 166 237 326 279 267 246 111 262 288 68  224 83  199 87  220 133 312 204 122 69  137 13  178 209 266 171 234 115 181 308 292 216 207 116 70  268 147 267 0  
0          23606
3253       3272
8740       8793
14532      14565
22825      22958
6289       6334
9058       9188
18595      18604
17317      17365
4840       4850
1929       2006
6389       6528
21381      21482
10727      10830
3903       3929
22292      22371
22259      22349
8246       8326
21551      21649
5239       5262
11318      11418
4604       4691
7857       7960
13426      13519
8955       9022
13150      13214
7286       7354
2883       2942
14608      14690
1446       1488
22560      22615
5760       5874
5315       5344
22192      22229
9843       9898
20365      20453
2396       2470
3485       3544
19960      20087
1869       1954
1105       1161
10242      10281
4204       4292
14716      14774
11443      11514
23190      23268
7538       7575
16878      16970
14171      14242
15603      15668
13193      13277
11280      11385
12811      12942
12434      12483
15947      16000
18079      18145
10072      10158
9346       9386
11760      11881
16955      17049
2211       2324
10929      10987
5504       5591
5722       5758
20682      20788
9469       9543
15021      15110
18990      19064
290        363
16382      16449
18777      18854
10821      10913
16664      16775
20939      21019
10440      10564
13706      13776
8287       8309
15563      15636
8443       8515
636        696
2542       2622
19127      19214
7566       7642
12051      12158
1244       1324
21000      21040
7028       7101
6927       7001
22003      22087
705        770
9179       9271
19730      19763
23172      23241
1677       1809
19311      19364
6641       6737
17880      17947
14336      14371
6102       6190
12617      12753
