100
0   252 137 519 136 200 451 386 366 341 247 389 461 215 174 326 367 443 461 249 8   418 345 476 321 288 516 492 440 231 241 456 408 372 366 414 61  430 467 433 341 345 502 458 197 246 305 471 407 449 365 220 327 481 464 189 548 433 438 104 195 122 488 380 430 311 365 516 405 512 127 418 472 486 134 292 322 422 100 229 324 536 47  141 381 413 402 208 158 334 304 97  92  297 370 14  171 239 208 546
252 0   174 302 153 163 199 142 118 303 131 243 275 241 238 176 114 217 215 128 245 197 202 283 186 271 265 240 270 163 174 267 179 127 233 184 192 177 256 181 232 223 251 214 98  76  195 269 178 231 254 165 174 249 260 77  311 228 248 152 239 165 242 256 236 276 183 264 177 266 249 214 262 276 172 150 77  220 260 55  244 289 242 203 273 168 260 71  293 301 145 168 234 311 216 258 166 215 99  303
137 174 0   475 23  225 358 280 266 390 116 386 438 99  249 316 281 391 353 242 134 295 341 343 185 342 432 406 305 94  261 431 290 268 368 358 111 339 427 341 204 208 399 387 83  211 168 340 289 403 380 82  193 423 335 153 486 397 411 113 85  158 414 389 299 359 340 427 351 438 74  382 433 357 4   282 252 387 91  183 351 461 99  205 398 341 265 171 119 385 287 52  69  366 234 133 204 282 89  477
519 302 475 0   452 333 207 278 263 319 419 173 88  541 407 204 223 85  271 273 510 347 197 435 443 337 162 170 460 458 300 85  322 275 197 119 458 203 52  210 489 475 243 124 400 274 464 414 323 71  222 462 423 67  403 334 75  86  95  416 540 400 125 204 408 317 158 184 124 117 548 100 47  402 472 233 226 97  554 296 266 123 525 403 224 154 483 314 594 323 218 458 528 377 446 529 360 331 400 100
136 153 23  452 0   203 341 265 250 368 111 362 415 119 231 292 262 369 339 218 131 286 317 340 185 321 413 388 305 98  238 408 279 253 345 336 100 322 404 324 210 212 384 367 67  187 172 335 278 381 356 88  191 402 329 129 465 374 388 94  107 139 394 365 294 337 316 409 329 419 96  358 410 351 20  258 231 364 107 160 328 441 105 187 375 321 268 148 141 363 263 41  83  347 234 134 183 260 76  457
200 163 225 333 203 0   327 297 269 165 261 189 266 322 84  130 246 268 362 63  192 359 146 446 333 120 371 352 431 276 40  262 339 282 165 247 148 304 280 311 374 369 387 302 202 98  334 432 338 268 166 271 326 308 423 96  376 246 244 117 310 80  333 180 398 134 174 379 236 354 277 233 285 438 221 99  189 235 268 108 129 378 222 70  183 263 414 93  323 160 115 181 245 153 372 213 29  59  212 380
451 199 358 207 341 327 0   89  93  408 266 280 245 394 411 251 85  144 65  267 444 143 267 228 262 398 78  52  256 306 316 236 120 95  290 127 391 23  193 18  304 288 61  83  275 231 288 207 122 167 320 315 241 140 196 269 167 193 226 350 400 357 86  310 204 390 216 68  134 105 432 187 196 195 357 254 139 193 449 233 341 119 439 386 333 80  284 255 472 408 237 364 425 443 252 457 343 359 269 146
386 142 280 278 265 297 89  0   28  410 180 305 295 307 377 258 69  200 74  247 379 77  279 173 174 390 167 141 186 220 297 285 51  15  308 172 329 79  251 75  217 201 119 155 198 199 199 155 51  222 336 229 153 211 143 220 251 240 271 292 314 308 168 331 136 388 236 156 174 190 352 230 256 152 279 248 117 237 371 190 344 207 368 344 352 125 205 211 389 409 235 293 349 433 168 390 305 341 190 232
366 118 266 263 250 269 93  28  0   382 174 279 273 302 349 230 44  183 97  218 359 103 252 200 180 361 169 143 208 214 268 264 78  15  280 152 308 76  233 76  226 211 135 145 183 171 203 182 78  204 309 222 160 198 171 194 245 219 248 269 307 283 163 304 160 359 210 161 153 186 340 208 238 181 265 220 88  215 357 163 316 206 350 318 325 109 221 184 379 381 206 275 334 404 183 370 278 312 177 228
341 303 390 319 368 165 408 410 382 0   420 147 231 488 168 156 345 293 460 175 333 483 142 577 487 52  423 412 572 439 135 234 460 397 126 290 302 387 275 396 531 524 468 351 364 227 492 561 459 280 97  435 477 328 550 254 385 248 226 279 475 237 378 115 533 31  194 438 280 391 438 242 278 562 386 162 293 240 424 251 66  410 374 200 95  329 564 245 482 7   175 344 404 66  520 354 186 108 373 401
247 131 116 419 111 261 266 180 174 420 0   373 404 128 315 306 202 334 248 248 243 181 332 228 77  381 344 317 194 40  285 395 180 171 363 300 206 251 378 250 113 110 297 313 62  201 73  224 178 351 382 49  79  359 219 166 414 354 376 185 134 223 335 386 183 390 314 335 296 359 178 340 384 241 117 278 195 346 203 173 367 379 215 271 401 270 161 175 211 416 275 151 184 414 124 246 251 320 50  400
389 243 386 173 362 189 280 305 279 147 373 0   88  473 248 70  236 150 339 146 381 382 45  479 425 165 282 274 485 404 149 88  357 294 26  154 334 263 128 271 472 462 338 212 331 177 437 460 357 135 50  404 410 182 449 233 238 102 79  297 466 267 236 33  439 144 68  299 146 246 451 99  131 456 382 103 197 95  448 206 93  265 407 256 56  199 489 214 498 151 100 353 423 203 446 401 218 168 337 254
461 275 438 88  415 266 245 295 273 231 404 88  0   516 332 135 229 101 309 212 453 371 121 465 442 253 225 224 481 438 229 9   345 288 114 123 403 234 56  242 490 477 295 165 372 228 459 445 345 78  136 441 424 118 434 288 159 55  27  363 512 339 180 117 431 232 98  245 121 183 508 66  55  437 435 169 210 59  509 254 181 197 474 335 136 172 495 268 555 236 158 413 484 291 454 473 294 253 375 180
215 241 99  541 119 322 394 307 302 488 128 473 516 0   348 403 329 456 372 333 215 296 429 316 158 441 472 446 268 87  357 508 300 299 458 422 207 379 497 378 153 164 423 440 144 295 132 319 299 471 472 80  175 484 317 243 541 470 489 212 20  257 463 479 279 457 421 463 417 487 95  455 503 340 103 371 315 462 127 266 446 507 169 304 491 396 219 259 103 483 372 150 124 466 203 207 302 380 141 528
174 238 249 407 231 84  411 377 349 168 315 248 332 348 0   202 329 348 444 146 167 435 211 517 391 116 455 436 498 321 107 330 416 361 222 328 145 388 355 394 428 425 470 385 253 180 387 505 416 346 212 314 387 388 496 162 455 321 314 137 332 93  416 229 469 140 249 463 317 436 282 309 359 513 245 176 272 310 264 186 165 460 211 44  224 347 474 167 323 161 193 198 246 124 434 188 71  80  265 461
326 176 316 204 292 130 251 258 230 156 306 70  135 403 202 0   191 151 304 78  318 333 26  429 361 150 273 259 430 335 95  131 308 245 57  139 269 231 152 239 408 398 312 200 262 108 372 411 309 145 80  335 347 190 401 163 255 119 114 230 396 204 229 80  387 139 48  286 128 246 382 107 157 411 312 34  142 108 380 137 89  268 341 200 98  173 429 144 429 157 31  284 355 194 386 338 159 128 268 264
367 114 281 223 262 246 85  69  44  345 202 236 229 329 329 191 0   140 117 190 359 146 211 243 220 328 151 126 253 242 239 220 120 59  239 109 306 63  190 67  267 253 142 110 198 148 241 224 121 161 268 249 200 159 213 184 212 174 204 265 332 272 134 262 204 324 167 149 108 158 356 163 195 221 279 185 57  170 370 148 279 180 356 302 284 69  266 170 398 345 170 282 345 372 226 373 259 284 195 198
443 217 391 85  369 268 144 200 183 293 334 150 101 456 348 151 140 0   208 205 435 274 154 367 360 299 131 126 386 372 241 92  248 196 168 33  382 134 51  141 407 393 195 65  315 197 380 346 249 22  198 377 340 39  335 255 107 51  83  339 455 327 85  183 335 284 104 150 40  97  465 51  55  337 388 172 140 55  472 216 231 117 446 338 206 74  404 236 510 296 154 377 447 342 366 452 293 278 315 113
461 215 353 271 339 362 65  74  97  460 248 339 309 372 444 304 117 208 0   307 454 90  321 165 226 445 126 106 197 287 357 300 74  88  347 189 404 76  258 68  262 246 51  148 271 264 253 144 76  231 377 297 205 205 134 291 226 256 289 365 381 380 147 368 146 440 273 107 195 163 423 250 261 131 352 301 174 256 444 259 393 172 442 414 391 140 232 280 459 460 285 368 422 489 206 465 373 401 263 201
249 128 242 273 218 63  267 247 218 175 248 146 212 333 146 78  190 205 307 0   240 315 100 406 312 145 308 290 398 272 50  207 293 232 127 183 191 245 220 252 357 350 328 239 196 51  318 391 292 206 139 269 302 245 381 90  313 186 188 152 323 127 270 147 360 148 116 317 172 290 305 172 226 395 238 43  133 175 302 76  118 314 263 132 158 201 388 74  352 172 55  207 277 186 345 260 88  94  204 316
8   245 134 510 131 192 444 379 359 333 243 381 453 215 167 318 359 435 454 240 0   412 337 471 317 281 508 484 436 227 232 448 402 365 357 406 53  422 458 426 338 342 494 450 191 238 302 465 401 441 357 216 322 473 459 181 540 425 429 96  195 113 480 372 425 304 356 508 397 504 128 410 464 480 131 283 314 414 103 221 316 527 49  134 374 405 398 200 161 327 295 92  93  291 366 21  162 231 202 537
418 197 295 347 286 359 143 77  103 483 181 382 371 296 435 333 146 274 90  315 412 0   355 96  142 460 215 192 113 215 364 361 26  88  384 247 366 143 325 137 174 157 141 222 221 265 169 78  25  296 412 227 122 280 67  273 311 316 347 333 308 357 229 407 61  459 314 197 250 248 360 306 329 79  295 321 191 313 384 251 418 260 391 398 429 199 142 268 390 482 309 321 364 502 116 419 363 407 210 288
345 202 341 197 317 146 267 279 252 142 332 45  121 429 211 26  211 154 321 100 337 355 0   452 387 145 281 270 454 361 108 118 330 267 31  148 289 247 147 256 434 424 327 209 288 134 398 434 330 145 57  361 373 192 423 187 254 115 103 252 421 223 237 54  410 129 52  296 138 251 405 106 151 432 337 58  165 105 402 163 77  272 362 215 73  187 454 170 452 143 57  308 378 187 411 357 175 133 294 266
476 283 343 435 340 446 228 173 200 577 228 479 465 316 517 429 243 367 165 406 471 96  452 0   161 551 290 271 53  252 455 456 122 184 481 342 431 233 418 226 166 153 205 311 282 355 184 21  121 389 509 264 150 368 31  355 391 410 442 404 332 434 313 504 47  553 410 269 345 328 396 402 422 39  344 416 286 408 425 338 513 337 443 478 525 293 106 353 418 576 404 379 409 592 113 475 447 497 270 366
321 186 185 443 185 333 262 174 180 487 77  425 442 158 391 361 220 360 226 312 317 142 387 161 0   450 340 315 120 91  354 433 151 171 418 327 283 252 408 249 48  37  278 325 139 262 27  161 150 379 440 103 21  378 158 237 424 389 415 263 172 300 342 441 121 458 360 327 325 364 235 376 413 181 187 337 232 383 264 236 430 381 284 348 459 288 84  243 258 484 331 226 248 486 49  318 326 391 126 406
288 271 342 337 321 120 398 390 361 52  381 165 253 441 116 150 328 299 445 145 281 460 145 551 450 0   423 410 542 397 97  253 437 376 139 290 251 377 289 385 493 487 460 351 322 196 453 536 437 290 118 392 442 337 526 214 398 259 242 230 427 186 380 137 505 26  195 436 279 395 387 251 293 539 338 144 273 250 373 217 71  417 322 148 124 323 530 207 431 45  161 294 353 44  487 302 138 61  332 411
516 265 432 162 413 371 78  167 169 423 344 282 225 472 455 273 151 131 126 308 508 215 281 290 340 423 0   26  324 384 353 217 195 173 298 133 455 93  168 93  381 365 86  72  349 281 366 269 196 150 329 392 319 106 259 328 102 182 213 412 477 413 46  315 273 411 229 22  144 44  506 183 169 253 430 285 194 187 521 289 358 47  507 435 338 108 357 312 547 425 267 433 497 467 328 522 391 394 344 76 
492 240 406 170 388 352 52  141 143 412 317 274 224 446 436 259 126 126 106 290 484 192 270 271 315 410 26  0   303 358 335 216 171 147 289 122 431 67  169 67  356 341 73  62  323 260 340 250 172 147 320 366 294 109 240 305 120 178 209 389 451 391 46  307 251 398 218 27  132 57  480 176 171 235 404 269 171 181 496 267 347 68  483 415 330 89  334 289 521 414 251 408 471 454 304 498 371 377 318 95 
440 270 305 460 305 431 256 186 208 572 194 485 481 268 498 430 253 386 197 398 436 113 454 53  120 542 324 303 0   211 444 472 138 193 484 358 400 256 437 250 116 104 243 335 252 346 140 66  137 408 511 223 114 393 71  337 422 426 457 377 285 410 342 508 52  546 417 305 360 359 353 416 442 89  307 413 289 423 382 325 510 370 405 456 528 311 53  338 371 570 403 345 368 581 70  438 429 485 240 399
231 163 94  458 98  276 306 220 214 439 40  404 438 87  321 335 242 372 287 272 227 215 361 252 91  397 384 358 211 0   304 430 217 211 391 338 198 291 415 291 111 114 337 353 75  227 74  250 215 389 409 12  102 398 246 185 454 390 411 186 94  227 375 414 209 409 346 375 334 399 145 375 421 269 96  305 232 382 173 199 389 420 193 276 428 310 171 197 174 435 304 139 157 428 141 227 262 335 67  440
241 174 261 300 238 40  316 297 268 135 285 149 229 357 107 95  239 241 357 50  232 364 108 455 354 97  353 335 444 304 0   226 342 282 125 223 189 293 248 300 397 391 377 282 229 99  357 440 342 239 125 301 345 281 430 119 348 214 209 157 345 121 312 139 408 105 142 362 212 331 316 201 253 444 257 69  183 203 308 119 90  354 263 106 142 246 432 110 362 131 87  219 285 137 389 253 69  44  238 354
456 267 431 85  408 262 236 285 264 234 395 88  9   508 330 131 220 92  300 207 448 361 118 456 433 253 217 216 472 430 226 0   335 279 114 113 398 224 48  233 481 468 286 156 364 221 450 436 336 69  137 433 415 110 424 282 154 45  19  358 504 335 172 119 422 233 92  237 111 176 501 57  48  428 428 164 201 50  503 247 182 190 469 332 139 162 485 262 548 238 152 406 478 292 445 468 291 252 367 174
408 179 290 322 279 339 120 51  78  460 180 357 345 300 416 308 120 248 74  293 402 26  330 122 151 437 195 171 138 217 342 335 0   63  359 222 355 119 299 113 188 172 126 198 213 243 179 103 1   271 387 227 130 255 92  255 288 290 321 320 310 342 206 382 86  436 288 179 224 225 358 280 304 102 290 297 166 287 381 231 394 239 384 381 404 174 163 249 391 458 284 312 360 479 133 410 345 386 203 266
372 127 268 275 253 282 95  15  15  397 171 294 288 299 361 245 59  196 88  232 365 88  267 184 171 376 173 147 193 211 282 279 63  0   296 166 315 82  246 80  215 200 131 155 185 184 195 166 63  217 324 220 150 209 155 204 253 233 263 277 305 293 171 319 144 374 226 164 167 194 340 222 251 165 267 235 104 229 359 175 331 212 354 329 341 122 208 195 378 396 222 280 336 418 170 376 290 326 178 235
366 233 368 197 345 165 290 308 280 126 363 26  114 458 222 57  239 168 347 127 357 384 31  481 418 139 298 289 484 391 125 114 359 296 0   167 312 271 151 280 465 455 349 227 318 164 429 462 359 154 30  391 404 202 451 216 261 122 102 276 450 244 253 23  439 120 74  314 158 265 432 116 154 460 365 87  195 114 427 193 68  284 386 231 44  209 485 198 479 129 87  334 403 179 442 378 194 142 324 275
414 184 358 119 336 247 127 172 152 290 300 154 123 422 328 139 109 33  189 183 406 247 148 342 327 290 133 122 358 338 223 113 222 166 167 0   353 112 81  121 375 361 183 61  282 168 347 322 222 52  198 343 308 66  311 226 133 68  100 310 421 301 90  185 308 277 95  148 11  108 432 61  86  314 356 154 107 67  440 186 225 131 416 315 209 49  374 206 478 292 136 345 415 333 335 423 270 263 281 133
61  192 111 458 100 148 391 329 308 302 206 334 403 207 145 269 306 382 404 191 53  366 289 431 283 251 455 431 400 198 189 398 355 315 312 353 0   369 406 373 310 311 443 396 149 185 271 424 354 388 314 188 285 419 417 127 486 373 379 42  189 68  426 328 384 271 305 455 343 450 137 358 412 438 108 234 260 362 122 167 276 474 74  103 332 351 366 146 180 296 245 60  102 267 331 70  120 195 161 484
430 177 339 203 322 304 23  79  76  387 251 263 234 379 388 231 63  134 76  245 422 143 247 233 252 377 93  67  256 291 293 224 119 82  271 112 369 0   184 8   296 280 83  79  256 208 277 212 120 156 302 299 231 136 201 247 172 180 213 328 384 335 89  292 204 369 197 87  118 112 414 173 188 203 338 232 116 180 429 210 321 130 418 363 315 64  281 232 454 388 216 343 405 421 246 435 320 337 251 153
467 256 427 52  404 280 193 251 233 275 378 128 56  497 355 152 190 51  258 220 458 325 147 418 408 289 168 169 437 415 248 48  299 246 151 81  406 184 0   192 456 442 241 111 354 223 427 397 300 29  178 419 389 62  386 284 110 34  49  364 495 347 124 160 386 271 106 189 83  127 499 48  5   388 424 181 183 44  504 246 218 142 474 351 182 125 455 264 546 279 165 408 479 330 416 477 307 279 356 127
433 181 341 210 324 311 18  75  76  396 250 271 242 378 394 239 67  141 68  252 426 137 256 226 249 385 93  67  250 291 300 233 113 80  280 121 373 8   192 0   292 277 76  85  258 214 274 205 114 164 310 299 228 143 194 252 177 188 221 333 383 340 94  301 198 377 206 86  127 115 415 182 196 195 340 240 122 188 431 215 329 132 421 369 324 72  276 238 455 396 224 346 407 429 242 439 326 344 252 156
341 232 204 489 210 374 304 217 226 531 113 472 490 153 428 408 267 407 262 357 338 174 434 166 48  493 381 356 116 111 397 481 188 215 465 375 310 296 456 292 0   16  314 371 175 307 40  173 186 427 487 122 66  424 173 279 469 437 463 295 171 335 386 489 137 502 408 366 373 408 241 424 461 195 207 383 280 431 272 281 475 424 301 383 506 335 66  286 256 528 378 251 261 528 59  337 365 433 163 449
345 223 208 475 212 369 288 201 211 524 110 462 477 164 425 398 253 393 246 350 342 157 424 153 37  487 365 341 104 114 391 468 172 200 455 361 311 280 442 277 16  0   297 356 172 299 40  158 170 413 478 125 53  410 158 273 453 424 450 295 181 333 370 479 122 496 397 350 360 392 249 411 447 180 210 374 268 418 280 274 468 408 306 382 496 321 57  280 266 521 368 253 267 523 43  341 361 427 160 433
502 251 399 243 384 387 61  119 135 468 297 338 295 423 470 312 142 195 51  328 494 141 327 205 278 460 86  73  243 337 377 286 126 131 349 183 443 83  241 76  314 297 0   130 317 290 305 185 128 217 380 346 257 182 175 324 188 246 278 403 431 413 119 369 193 451 275 64  192 128 471 242 243 168 399 315 197 248 491 290 402 132 486 444 392 139 281 312 508 469 298 411 468 504 257 506 401 421 309 162
458 214 387 124 367 302 83  155 145 351 313 212 165 440 385 200 110 65  148 239 450 222 209 311 325 351 72  62  335 353 282 156 198 155 227 61  396 79  111 85  371 356 130 0   306 217 348 290 199 86  258 359 305 57  279 269 101 116 148 354 442 350 30  245 284 339 157 87  72  53  462 114 114 279 385 214 137 119 474 229 286 77  454 369 268 46  359 251 505 353 196 382 449 395 324 466 324 323 303 89 
197 98  83  400 67  202 275 198 183 364 62  331 372 144 253 262 198 315 271 196 191 221 288 282 139 322 349 323 252 75  229 364 213 185 318 282 149 256 354 258 175 172 317 306 0   154 134 275 211 329 334 73  138 345 268 109 406 327 345 124 140 161 332 340 235 333 277 344 275 357 157 312 360 289 81  231 174 318 174 125 314 379 171 209 353 261 223 122 199 360 231 100 150 354 185 198 190 261 12  396
246 76  211 274 187 98  231 199 171 227 201 177 228 295 180 108 148 197 264 51  238 265 134 355 262 196 281 260 346 227 99  221 243 184 164 168 185 208 223 214 307 299 290 217 154 0   269 340 243 203 181 227 251 234 330 61  302 191 201 142 288 133 247 186 309 199 129 286 158 270 280 175 229 345 207 77  92  180 282 29  168 294 251 155 200 173 337 41  327 224 77  185 257 237 293 255 112 142 160 301
305 195 168 464 172 334 288 199 203 492 73  437 459 132 387 372 241 380 253 318 302 169 398 184 27  453 366 340 140 74  357 450 179 195 429 347 271 277 427 274 40  40  305 348 134 269 0   186 177 399 450 85  48  400 184 239 448 407 432 255 147 294 366 452 147 462 374 353 344 389 213 393 433 207 170 346 249 400 242 242 437 406 267 343 469 310 96  247 233 488 341 213 229 487 71  302 324 392 122 430
471 269 340 414 335 432 207 155 182 561 224 460 445 319 505 411 224 346 144 391 465 78  434 21  161 536 269 250 66  250 440 436 103 166 462 322 424 212 397 205 173 158 185 290 275 340 186 0   103 369 491 262 148 347 11  343 370 390 422 395 334 423 292 485 41  537 391 248 325 307 396 382 401 23  341 399 269 388 423 324 496 316 439 467 507 273 117 340 419 560 387 373 407 578 116 470 435 483 263 345
407 178 289 323 278 338 122 51  78  459 178 357 345 299 416 309 121 249 76  292 401 25  330 121 150 437 196 172 137 215 342 336 1   63  359 222 354 120 300 114 186 170 128 199 211 243 177 103 0   271 387 226 129 256 92  255 289 290 322 319 309 341 207 382 86  436 288 180 225 227 356 281 304 102 289 297 166 288 379 230 394 240 383 381 404 174 162 249 390 458 284 311 358 479 131 409 344 386 202 267
449 231 403 71  381 268 167 222 204 280 351 135 78  471 346 145 161 22  231 206 441 296 145 389 379 290 150 147 408 389 239 69  271 217 154 52  388 156 29  164 427 413 217 86  329 203 399 369 271 0   184 393 361 47  358 263 110 32  63  346 470 331 104 168 358 273 97  169 55  112 476 39  34  360 400 170 156 40  483 225 220 130 454 338 191 97  426 243 522 283 153 386 457 332 387 459 294 273 330 121
365 254 380 222 356 166 320 336 309 97  382 50  136 472 212 80  268 198 377 139 357 412 57  509 440 118 329 320 511 409 125 137 387 324 30  198 314 302 178 310 487 478 380 258 334 181 450 491 387 184 0   407 427 232 480 229 288 151 129 281 462 246 283 19  467 95  104 345 188 295 439 146 181 489 376 104 222 144 433 210 48  314 389 227 19  240 510 213 486 101 109 342 409 154 466 378 195 132 341 304
220 165 82  462 88  271 315 229 222 435 49  404 441 80  314 335 249 377 297 269 216 227 361 264 103 392 392 366 223 12  301 433 227 220 391 343 188 299 419 299 122 125 346 359 73  227 85  262 226 393 407 0   114 404 258 181 461 393 413 177 85  220 382 413 221 405 348 384 338 407 134 378 425 281 85  304 236 385 161 198 387 427 181 269 426 316 182 195 163 431 304 129 145 422 153 216 257 330 67  447
327 174 193 423 191 326 241 153 160 477 79  410 424 175 387 347 200 340 205 302 322 122 373 150 21  442 319 294 114 102 345 415 130 150 404 308 285 231 389 228 66  53  257 305 138 251 48  148 129 361 427 114 0   358 144 230 404 371 397 263 188 298 321 427 107 449 344 306 307 343 247 358 394 167 194 324 215 365 275 226 419 361 293 345 445 269 87  235 273 474 317 231 259 479 46  325 321 383 126 385
481 249 423 67  402 308 140 211 198 328 359 182 118 484 388 190 159 39  205 245 473 280 192 368 378 337 106 109 393 398 281 110 255 209 202 66  419 136 62  143 424 410 182 57  345 234 400 347 256 47  232 404 358 0   337 292 67  80  108 377 484 366 63  216 341 320 142 128 76  65  498 86  62  336 421 211 171 88  507 253 267 82  482 378 238 90  416 273 543 331 194 412 481 379 379 490 333 318 344 74 
464 260 335 403 329 423 196 143 171 550 219 449 434 317 496 401 213 335 134 381 459 67  423 31  158 526 259 240 71  246 430 424 92  155 451 311 417 201 386 194 173 158 175 279 268 330 184 11  92  358 480 258 144 337 0   334 360 379 411 388 331 415 281 474 37  526 380 238 314 297 392 370 390 22  336 388 258 377 419 314 485 306 434 458 496 262 120 331 417 549 376 367 402 567 115 464 425 473 256 335
189 77  153 334 129 96  269 220 194 254 166 233 288 243 162 163 184 255 291 90  181 273 187 355 237 214 328 305 337 185 119 282 255 204 216 226 127 247 284 252 279 273 324 269 109 61  239 343 255 263 229 181 230 292 334 0   359 252 262 85  234 89  299 236 307 224 189 331 216 322 220 236 289 351 149 129 134 241 221 39  205 346 190 125 248 224 318 20  267 250 134 124 196 249 276 198 92  153 118 356
548 311 486 75  465 376 167 251 245 385 414 238 159 541 455 255 212 107 226 313 540 311 254 391 424 398 102 120 422 454 348 154 288 253 261 133 486 172 110 177 469 453 188 101 406 302 448 370 289 110 288 461 404 67  360 359 0   139 159 444 543 434 82  271 371 381 207 125 143 63  561 148 107 355 484 278 234 148 571 319 328 56  548 445 292 145 452 340 605 389 261 477 546 440 419 557 401 383 404 28 
433 228 397 86  374 246 193 240 219 248 354 102 55  470 321 119 174 51  256 186 425 316 115 410 389 259 182 178 426 390 214 45  290 233 122 68  373 180 34  188 437 424 246 116 327 191 407 390 290 32  151 393 371 80  379 252 139 0   32  331 467 313 136 135 376 242 72  201 65  145 469 15  39  383 394 146 158 10  473 215 189 163 441 317 158 117 440 232 515 251 131 376 447 301 400 444 273 246 328 152
438 248 411 95  388 244 226 271 248 226 376 79  27  489 314 114 204 83  289 188 429 347 103 442 415 242 213 209 457 411 209 19  321 263 102 100 379 213 49  221 463 450 278 148 345 201 432 422 322 63  129 413 397 108 411 262 159 32  0   338 485 316 167 111 407 222 73  232 96  173 482 40  52  415 408 146 183 33  484 228 170 190 449 315 132 149 469 242 529 230 133 387 458 282 428 449 273 237 348 176
104 152 113 416 94  117 350 292 269 279 185 297 363 212 137 230 265 339 365 152 96  333 252 404 263 230 412 389 377 186 157 358 320 277 276 310 42  328 364 333 295 295 403 354 124 142 255 395 319 346 281 177 263 377 388 85  444 331 338 0   197 44  384 293 356 248 265 414 301 407 159 316 370 407 109 195 218 321 151 125 246 431 111 92  299 309 347 103 205 274 205 64  128 253 309 113 93  171 137 441
195 239 85  540 107 310 400 314 307 475 134 466 512 20  332 396 332 455 381 323 195 308 421 332 172 427 477 451 285 94  345 504 310 305 450 421 189 384 495 383 171 181 431 442 140 288 147 334 309 470 462 85  188 484 331 234 543 467 485 197 0   242 466 470 294 444 415 469 415 490 75  452 501 354 89  363 314 458 107 260 435 511 149 288 481 397 237 251 85  470 365 134 104 451 218 187 289 367 140 530
122 165 158 400 139 80  357 308 283 237 223 267 339 257 93  204 272 327 380 127 113 357 223 434 300 186 413 391 410 227 121 335 342 293 244 301 68  335 347 340 335 333 413 350 161 133 294 423 341 331 246 220 298 366 415 89  434 313 316 44  242 0   381 260 386 206 244 417 291 404 201 299 353 434 154 170 220 303 189 124 208 427 142 49  263 307 384 102 245 231 183 108 167 208 344 133 52  129 173 434
488 242 414 125 394 333 86  168 163 378 335 236 180 463 416 229 134 85  147 270 480 229 237 313 342 380 46  46  342 375 312 172 206 171 253 90  426 89  124 94  386 370 119 30  332 247 366 292 207 104 283 382 321 63  281 299 82  136 167 384 466 381 0   269 290 366 184 65  101 24  488 137 125 278 412 244 166 141 501 259 314 47  483 399 292 75  369 281 531 380 226 410 476 423 336 496 355 353 329 65 
380 256 389 204 365 180 310 331 304 115 386 33  117 479 229 80  262 183 368 147 372 407 54  504 441 137 315 307 508 414 139 119 382 319 23  185 328 292 160 301 489 479 369 245 340 186 452 485 382 168 19  413 427 216 474 236 271 135 111 293 470 260 269 0   463 114 95  332 177 280 450 132 163 483 385 109 219 128 445 215 67  298 402 243 23  230 509 220 497 119 111 352 421 173 466 393 209 149 346 287
430 236 299 408 294 398 204 136 160 533 183 439 431 279 469 387 204 335 146 360 425 61  410 47  121 505 273 251 52  209 408 422 86  144 439 308 384 204 386 198 137 122 193 284 235 309 147 41  86  358 467 221 107 341 37  307 371 376 407 356 294 386 290 463 0   507 370 254 310 307 355 366 391 60  300 372 244 373 383 291 469 319 398 430 484 260 89  305 379 531 360 333 366 546 78  429 399 450 223 347
311 276 359 317 337 134 390 388 359 31  390 144 232 457 140 139 324 284 440 148 304 459 129 553 458 26  411 398 546 409 105 233 436 374 120 277 271 369 271 377 502 496 451 339 333 199 462 537 436 273 95  405 449 320 526 224 381 242 222 248 444 206 366 114 507 0   182 425 267 381 407 234 274 539 354 139 270 233 394 222 53  401 343 170 100 313 536 215 451 26  154 312 373 59  493 325 155 77  343 394
365 183 340 158 316 174 216 236 210 194 314 68  98  421 249 48  167 104 273 116 356 314 52  410 360 195 229 218 417 346 142 92  288 226 74  95  305 197 106 206 408 397 275 157 277 129 374 391 288 97  104 348 344 142 380 189 207 72  73  265 415 244 184 95  370 182 0   244 85  200 409 59  111 388 337 75  129 61  410 156 129 221 376 245 118 136 422 169 456 196 60  314 385 239 380 375 202 176 281 216
516 264 427 184 409 379 68  156 161 438 335 299 245 463 463 286 149 150 107 317 508 197 296 269 327 436 22  27  305 375 362 237 179 164 314 148 455 87  189 86  366 350 64  87  344 286 353 248 180 169 345 384 306 128 238 331 125 201 232 414 469 417 65  332 254 425 244 0   158 67  501 201 190 232 426 296 197 205 517 293 373 68  506 441 355 116 340 315 541 440 278 431 493 480 312 522 397 404 338 98 
405 177 351 124 329 236 134 174 153 280 296 146 121 417 317 128 108 40  195 172 397 250 138 345 325 279 144 132 360 334 212 111 224 167 158 11  343 118 83  127 373 360 192 72  275 158 344 325 225 55  188 338 307 76  314 216 143 65  96  301 415 291 101 177 310 267 85  158 0   119 425 56  88  319 348 143 101 63  432 177 215 142 407 304 200 54  374 197 470 282 125 337 407 323 335 414 259 252 275 144
512 266 438 117 419 354 105 190 186 391 359 246 183 487 436 246 158 97  163 290 504 248 251 328 364 395 44  57  359 399 331 176 225 194 265 108 450 112 127 115 408 392 128 53  357 270 389 307 227 112 295 407 343 65  297 322 63  145 173 407 490 404 24  280 307 381 200 67  119 0   513 148 128 292 436 262 190 151 526 283 328 23  508 421 302 99  389 305 556 393 244 434 501 439 357 520 376 371 353 41 
127 249 74  548 96  277 432 352 340 438 178 451 508 95  282 382 356 465 423 305 128 360 405 396 235 387 506 480 353 145 316 501 358 340 432 432 137 414 499 415 241 249 471 462 157 280 213 396 356 476 439 134 247 498 392 220 561 469 482 159 75  201 488 450 355 407 409 501 425 513 0   453 505 415 77  347 327 459 32  254 406 536 79  240 458 416 306 239 47  432 353 97  36  405 284 116 252 330 162 552
418 214 382 100 358 233 187 230 208 242 340 99  66  455 309 107 163 51  250 172 410 306 106 402 376 251 183 176 416 375 201 57  280 222 116 61  358 173 48  182 424 411 242 114 312 175 393 382 281 39  146 378 358 86  370 236 148 15  40  316 452 299 137 132 366 234 59  201 56  148 453 0   53  375 379 133 145 7   458 199 181 167 426 303 155 110 428 216 500 245 117 361 432 293 388 429 260 235 314 160
472 262 433 47  410 285 196 256 238 278 384 131 55  503 359 157 195 55  261 226 464 329 151 422 413 293 169 171 442 421 253 48  304 251 154 86  412 188 5   196 461 447 243 114 360 229 433 401 304 34  181 425 394 62  390 289 107 39  52  370 501 353 125 163 391 274 111 190 88  128 505 53  0   391 430 186 188 50  510 252 222 141 480 356 184 130 460 269 551 282 171 414 485 333 421 483 313 284 361 125
486 276 357 402 351 438 195 152 181 562 241 456 437 340 513 411 221 337 131 395 480 79  432 39  181 539 253 235 89  269 444 428 102 165 460 314 438 203 388 195 195 180 168 279 289 345 207 23  102 360 489 281 167 336 22  351 355 383 415 407 354 434 278 483 60  539 388 232 319 292 415 375 391 0   358 400 269 382 442 330 497 300 456 476 505 265 140 347 439 561 387 388 424 581 138 486 442 487 277 329
134 172 4   472 20  221 357 279 265 386 117 382 435 103 245 312 279 388 352 238 131 295 337 344 187 338 430 404 307 96  257 428 290 267 365 356 108 338 424 340 207 210 399 385 81  207 170 341 289 400 376 85  194 421 336 149 484 394 408 109 89  154 412 385 300 354 337 426 348 436 77  379 430 358 0   278 250 384 92  180 347 459 98  200 394 339 267 168 122 380 283 48  69  362 236 131 200 278 89  475
292 150 282 233 258 99  254 248 220 162 278 103 169 371 176 34  185 172 301 43  283 321 58  416 337 144 285 269 413 305 69  164 297 235 87  154 234 232 181 240 383 374 315 214 231 77  346 399 297 170 104 304 324 211 388 129 278 146 146 195 363 170 244 109 372 139 75  296 143 262 347 133 186 400 278 0   131 136 345 106 97  285 306 170 123 180 408 111 394 161 18  250 320 188 365 303 127 109 237 285
322 77  252 226 231 189 139 117 88  293 195 197 210 315 272 142 57  140 174 133 314 191 165 286 232 273 194 171 289 232 183 201 166 104 195 107 260 116 183 122 280 268 197 137 174 92  249 269 166 156 222 236 215 171 258 134 234 158 183 218 314 220 166 219 244 270 129 197 101 190 327 145 188 269 250 131 0   151 337 95  227 214 317 247 239 91  292 118 371 292 118 244 312 317 250 329 204 227 174 226
422 220 387 97  364 235 193 237 215 240 346 95  59  462 310 108 170 55  256 175 414 313 105 408 383 250 187 181 423 382 203 50  287 229 114 67  362 180 44  188 431 418 248 119 318 180 400 388 288 40  144 385 365 88  377 241 148 10  33  321 458 303 141 128 373 233 61  205 63  151 459 7   50  382 384 136 151 0   463 205 180 170 431 306 151 116 435 221 506 243 120 366 437 292 395 433 262 236 320 161
100 260 91  554 107 268 449 371 357 424 203 448 509 127 264 380 370 472 444 302 103 384 402 425 264 373 521 496 382 173 308 503 381 359 427 440 122 429 504 431 272 280 491 474 174 282 242 423 379 483 433 161 275 507 419 221 571 473 484 151 107 189 501 445 383 394 410 517 432 526 32  458 510 442 92  345 337 463 0   258 397 549 54  225 451 428 337 241 59  418 353 96  25  388 313 88  241 317 181 563
229 55  183 296 160 108 233 190 163 251 173 206 254 266 186 137 148 216 259 76  221 251 163 338 236 217 289 267 325 199 119 247 231 175 193 186 167 210 246 215 281 274 290 229 125 29  242 324 230 225 210 198 226 253 314 39  319 215 228 125 260 124 259 215 291 222 156 293 177 283 254 199 252 330 180 106 95  205 258 0   194 306 229 154 229 184 313 22  301 248 106 161 232 255 270 237 114 159 131 316
324 244 351 266 328 129 341 344 316 66  367 93  181 446 165 89  279 231 393 118 316 418 77  513 430 71  358 347 510 389 90  182 394 331 68  225 276 321 218 329 475 468 402 286 314 168 437 496 394 220 48  387 419 267 485 205 328 189 170 246 435 208 314 67  469 53  129 373 215 328 406 181 222 497 347 97  227 180 397 194 0   348 350 183 59  262 504 192 452 67  109 309 374 112 461 337 156 86  322 341
536 289 461 123 441 378 119 207 206 410 379 265 197 507 460 268 180 117 172 314 527 260 272 337 381 417 47  68  370 420 354 190 239 212 284 131 474 130 142 132 424 408 132 77  379 294 406 316 240 130 314 427 361 82  306 346 56  163 190 431 511 427 47  298 319 401 221 68  142 23  536 167 141 300 459 285 214 170 549 306 348 0   531 445 321 122 403 328 578 413 267 458 524 460 372 543 400 393 375 29 
47  242 99  525 105 222 439 368 350 374 215 407 474 169 211 341 356 446 442 263 49  391 362 443 284 322 507 483 405 193 263 469 384 354 386 416 74  418 474 421 301 306 486 454 171 251 267 439 383 454 389 181 293 482 434 190 548 441 449 111 149 142 483 402 398 343 376 506 407 508 79  426 480 456 98  306 317 431 54  229 350 531 0   173 406 408 364 210 113 367 316 74  45  335 334 37  194 268 181 543
141 203 205 403 187 70  386 344 318 200 271 256 335 304 44  200 302 338 414 132 134 398 215 478 348 148 435 415 456 276 106 332 381 329 231 315 103 363 351 369 383 382 444 369 209 155 343 467 381 338 227 269 345 378 458 125 445 317 315 92  288 49  399 243 430 170 245 441 304 421 240 303 356 476 200 170 247 306 225 154 183 445 173 0   242 327 432 133 283 194 185 153 205 164 392 155 44  97  221 449
381 273 398 224 375 183 333 352 325 95  401 56  136 491 224 98  284 206 391 158 374 429 73  525 459 124 338 330 528 428 142 139 404 341 44  209 332 315 182 324 506 496 392 268 353 200 469 507 404 191 19  426 445 238 496 248 292 158 132 299 481 263 292 23  484 100 118 355 200 302 458 155 184 505 394 123 239 151 451 229 59  321 406 242 0   253 528 232 504 100 128 360 427 157 485 395 211 146 360 309
413 168 341 154 321 263 80  125 109 329 270 199 172 396 347 173 69  74  140 201 405 199 187 293 288 323 108 89  311 310 246 162 174 122 209 49  351 64  125 72  335 321 139 46  261 173 310 273 174 97  240 316 269 90  262 224 145 117 149 309 397 307 75  230 260 313 136 116 54  99  416 110 130 265 339 180 91  116 428 184 262 122 408 327 253 0   330 206 460 330 163 335 402 367 292 420 283 289 258 135
402 260 265 483 268 414 284 205 221 564 161 489 495 219 474 429 266 404 232 388 398 142 454 106 84  530 357 334 53  171 432 485 163 208 485 374 366 281 455 276 66  57  281 359 223 337 96  117 162 426 510 182 87  416 120 318 452 440 469 347 237 384 369 509 89  536 422 340 374 389 306 428 460 140 267 408 292 435 337 313 504 403 364 432 528 330 0   322 322 561 400 309 325 567 43  398 408 471 211 430
208 71  171 314 148 93  255 211 184 245 175 214 268 259 167 144 170 236 280 74  200 268 170 353 243 207 312 289 338 197 110 262 249 195 198 206 146 232 264 238 286 280 312 251 122 41  247 340 249 243 213 195 235 273 331 20  340 232 242 103 251 102 281 220 305 215 169 315 197 305 239 216 269 347 168 111 118 221 241 22  192 328 210 133 232 206 322 0   286 241 115 144 216 244 280 217 95  148 130 337
158 293 119 594 141 323 472 389 379 482 211 498 555 103 323 429 398 510 459 352 161 390 452 418 258 431 547 521 371 174 362 548 391 378 479 478 180 454 546 455 256 266 508 505 199 327 233 419 390 522 486 163 273 543 417 267 605 515 529 205 85  245 531 497 379 451 456 541 470 556 47  500 551 439 122 394 371 506 59  301 452 578 113 283 504 460 322 286 0   476 401 144 78  446 304 145 297 374 203 595
334 301 385 323 363 160 408 409 381 7   416 151 236 483 161 157 345 296 460 172 327 482 143 576 484 45  425 414 570 435 131 238 458 396 129 292 296 388 279 396 528 521 469 353 360 224 488 560 458 283 101 431 474 331 549 250 389 251 230 274 470 231 380 119 531 26  196 440 282 393 432 245 282 561 380 161 292 243 418 248 67  413 367 194 100 330 561 241 476 0   175 338 398 59  518 348 181 102 369 404
304 145 287 218 263 115 237 235 206 175 275 100 158 372 193 31  170 154 285 55  295 309 57  404 331 161 267 251 403 304 87  152 284 222 87  136 245 216 165 224 378 368 298 196 231 77  341 387 284 153 109 304 317 194 376 134 261 131 133 205 365 183 226 111 360 154 60  278 125 244 353 117 171 387 283 18  118 120 353 106 109 267 316 185 128 163 400 115 401 175 0   257 328 205 357 315 142 127 237 267
97  168 52  458 41  181 364 293 275 344 151 353 413 150 198 284 282 377 368 207 92  321 308 379 226 294 433 408 345 139 219 406 312 280 334 345 60  343 408 346 251 253 411 382 100 185 213 373 311 386 342 129 231 412 367 124 477 376 387 64  134 108 410 352 333 312 314 431 337 434 97  361 414 388 48  250 244 366 96  161 309 458 74  153 360 335 309 144 144 338 257 0   71  317 275 98  157 235 111 471
92  234 69  528 83  245 425 349 334 404 184 423 484 124 246 355 345 447 422 277 93  364 378 409 248 353 497 471 368 157 285 478 360 336 403 415 102 405 479 407 261 267 468 449 150 257 229 407 358 457 409 145 259 481 402 196 546 447 458 128 104 167 476 421 366 373 385 493 407 501 36  432 485 424 69  320 312 437 25  232 374 524 45  205 427 402 325 216 78  398 328 71  0   369 298 82  219 296 158 538
297 311 366 377 347 153 443 433 404 66  414 203 291 466 124 194 372 342 489 186 291 502 187 592 486 44  467 454 581 428 137 292 479 418 179 333 267 421 330 429 528 523 504 395 354 237 487 578 479 332 154 422 479 379 567 249 440 301 282 253 451 208 423 173 546 59  239 480 323 439 405 293 333 581 362 188 317 292 388 255 112 460 335 164 157 367 567 244 446 59  205 317 369 0   524 311 165 96  365 453
370 216 234 446 234 372 252 168 183 520 124 446 454 203 434 386 226 366 206 345 366 116 411 113 49  487 328 304 70  141 389 445 133 170 442 335 331 246 416 242 59  43  257 324 185 293 71  116 131 387 466 153 46  379 115 276 419 400 428 309 218 344 336 466 78  493 380 312 335 357 284 388 421 138 236 365 250 395 313 270 461 372 334 392 485 292 43  280 304 518 357 275 298 524 0   368 367 428 172 398
14  258 133 529 134 213 457 390 370 354 246 401 473 207 188 338 373 452 465 260 21  419 357 475 318 302 522 498 438 227 253 468 410 376 378 423 70  435 477 439 337 341 506 466 198 255 302 470 409 459 378 216 325 490 464 198 557 444 449 113 187 133 496 393 429 325 375 522 414 520 116 429 483 486 131 303 329 433 88  237 337 543 37  155 395 420 398 217 145 348 315 98  82  311 368 0   183 252 209 554
171 166 204 360 183 29  343 305 278 186 251 218 294 302 71  159 259 293 373 88  162 363 175 447 326 138 391 371 429 262 69  291 345 290 194 270 120 320 307 326 365 361 401 324 190 112 324 435 344 294 195 257 321 333 425 92  401 273 273 93  289 52  355 209 399 155 202 397 259 376 252 260 313 442 200 127 204 262 241 114 156 400 194 44  211 283 408 95  297 181 142 157 219 165 367 183 0   78  202 404
239 215 282 331 260 59  359 341 312 108 320 168 253 380 80  128 284 278 401 94  231 407 133 497 391 61  394 377 485 335 44  252 386 326 142 263 195 337 279 344 433 427 421 323 261 142 392 483 386 273 132 330 383 318 473 153 383 246 237 171 367 129 353 149 450 77  176 404 252 371 330 235 284 487 278 109 227 236 317 159 86  393 268 97  146 289 471 148 374 102 127 235 296 96  428 252 78  0   271 392
208 99  89  400 76  212 269 190 177 373 50  337 375 141 265 268 195 315 263 204 202 210 294 270 126 332 344 318 240 67  238 367 203 178 324 281 161 251 356 252 163 160 309 303 12  160 122 263 202 330 341 67  126 344 256 118 404 328 348 137 140 173 329 346 223 343 281 338 275 353 162 314 361 277 89  237 174 320 181 131 322 375 181 221 360 258 211 130 203 369 237 111 158 365 172 209 202 271 0   393
546 303 477 100 457 380 146 232 228 401 400 254 180 528 461 264 198 113 201 316 537 288 266 366 406 411 76  95  399 440 354 174 266 235 275 133 484 153 127 156 449 433 162 89  396 301 430 345 267 121 304 447 385 74  335 356 28  152 176 441 530 434 65  287 347 394 216 98  144 41  552 160 125 329 475 285 226 161 563 316 341 29  543 449 309 135 430 337 595 404 267 471 538 453 398 554 404 392 393 0  
0          25243
8137       8248
3322       3373
9617       9715
7279       7373
5625       5705
2689       2821
1400       1470
5034       5046
19676      19737
18394      18502
9775       9899
416        474
12183      12255
18999      19056
17920      17969
15649      15741
19373      19438
1987       2089
16202      16297
3189       3234
13224      13338
14993      15063
23484      23574
6396       6508
21705      21736
1818       1893
17117      17158
20890      20935
24749      24809
4052       4110
9716       9766
18566      18677
6621       6672
13626      13680
10441      10495
24282      24381
15694      15783
11560      11621
17038      17105
10919      10957
1250       1284
9372       9462
3698       3758
10130      10232
11302      11386
15355      15467
20980      21003
18245      18336
9125       9200
23954      24034
7208       7297
8637       8691
7665       7755
20245      20340
8241       8251
6017       6047
10465      10523
4770       4816
24943      24992
20583      20652
2351       2423
14719      14846
12863      12924
22517      22576
16061      16109
16691      16798
1892       1971
19374      19493
16537      16563
14089      14137
6824       6910
9171       9205
14489      14536
11100      11227
16768      16872
19989      20081
1691       1765
954        1018
15139      15199
22963      23035
21278      21307
4277       4357
11880      11979
19599      19630
12586      12664
20333      20443
8420       8473
22076      22216
5421       5458
8986       9015
13986      14050
941        1008
5475       5526
24591      24727
17592      17660
8293       8415
3987       4108
8075       8122
5971       6037
