125
0    8    16   27   58   35   18   19   21   20   14   44   14   17   5    8    42   27   7    32   22   38   32   14   31   173  194  180  187  183  210  173  180  161  199  173  194  178  210  163  180  154  188  167  174  143  172  198  137  196  524  475  522  477  516  498  527  508  505  533  523  487  461  515  529  511  519  482  534  520  522  525  531  515  503  377  361  356  358  413  365  364  320  373  341  405  363  391  354  383  378  362  314  365  372  389  390  387  333  394  685  660  667  678  655  670  634  666  690  640  654  652  654  680  673  675  672  667  654  660  663  658  659  649  686 
8    0    19   34   54   31   16   13   25   27   10   37   17   9    12   17   47   20   2    35   23   32   35   21   27   166  186  172  179  175  202  165  172  153  191  165  186  170  202  155  172  146  180  159  167  135  164  190  129  188  526  478  523  479  518  500  529  510  507  536  526  489  463  518  532  513  521  483  535  521  524  527  533  517  505  381  365  360  362  417  369  369  323  376  344  408  367  394  357  387  382  365  318  368  375  393  393  390  336  398  682  657  664  675  651  667  631  663  687  637  650  649  650  677  670  672  669  664  651  657  660  654  656  645  683 
16   19   0    38   45   50   9    18   7    19   29   39   2    25   14   18   57   27   17   16   39   32   16   24   46   180  198  184  188  188  215  177  183  164  203  177  201  182  215  169  183  159  194  169  180  149  178  202  142  201  507  459  505  461  500  482  511  492  489  517  507  471  444  499  513  494  502  465  517  503  506  509  515  499  487  391  376  369  372  427  380  378  334  388  355  419  378  405  368  398  393  377  329  380  386  403  404  401  347  408  670  645  653  664  640  656  620  652  675  626  639  638  639  666  658  661  657  652  639  645  648  644  645  635  672 
27   34   38   0    83   43   43   46   37   23   32   71   36   42   24   19   21   54   34   48   26   65   50   13   39   193  215  202  210  203  231  194  203  184  220  193  212  199  230  183  203  175  207  191  194  162  192  218  157  216  534  484  532  489  526  507  536  516  514  540  530  498  470  525  538  521  528  493  545  531  530  535  540  525  512  353  338  332  334  389  342  340  297  351  317  382  340  368  331  360  355  340  291  343  349  366  367  364  310  371  708  683  690  701  677  693  658  689  713  663  677  676  676  703  696  698  695  690  677  683  686  682  682  672  709 
58   54   45   83   0    79   40   41   49   64   63   27   47   51   59   63   101  40   53   43   77   27   40   70   77   166  178  164  163  170  195  158  158  142  183  159  188  163  197  153  161  142  179  145  165  138  162  185  127  184  484  438  481  436  478  460  490  472  468  499  488  447  423  477  492  471  480  440  492  479  485  486  494  477  465  435  419  414  416  471  423  423  377  431  399  462  421  448  411  441  436  419  372  423  429  447  447  444  391  452  627  602  609  621  597  612  576  608  632  582  596  594  596  623  615  618  614  609  597  602  605  600  602  591  629 
35   31   50   43   79   0    46   39   56   52   21   55   48   29   39   40   42   39   33   66   17   53   66   40   4    150  174  161  171  161  189  152  164  144  178  152  169  157  188  141  162  133  164  152  152  119  150  175  116  173  557  509  554  510  550  532  561  542  538  567  557  520  494  549  563  544  552  514  566  552  556  558  565  549  537  361  344  342  343  397  348  350  301  354  325  387  346  372  336  367  360  342  298  347  353  372  371  369  316  377  705  680  686  698  675  689  653  685  710  659  673  671  674  700  693  695  691  687  675  680  683  677  679  667  707 
18   16   9    43   40   46   0    9    17   27   26   30   9    19   18   23   60   18   14   22   39   23   21   30   43   171  189  175  179  178  205  168  173  155  194  168  192  173  206  159  174  149  185  160  171  141  169  193  133  192  510  462  508  463  503  485  514  495  492  521  510  473  447  502  516  497  505  468  519  506  509  511  518  502  490  395  379  374  376  431  383  382  338  391  359  423  381  409  372  401  396  380  332  383  390  407  408  405  351  412  667  642  649  660  637  652  616  648  672  622  636  634  636  662  655  657  654  649  636  642  645  640  641  631  668 
19   13   18   46   41   39   9    0    26   34   21   25   17   10   22   27   60   9    12   31   35   19   31   33   37   161  180  166  171  169  196  159  165  146  185  159  182  164  197  150  165  140  175  152  162  131  159  184  123  183  518  470  515  471  511  493  522  503  500  529  519  481  455  510  525  505  513  475  527  513  517  519  526  510  498  394  377  373  375  429  382  382  335  389  357  421  379  406  370  400  394  377  331  381  387  405  405  403  349  410  669  644  651  663  639  654  618  650  674  624  638  636  638  664  657  660  656  651  639  644  647  642  644  632  671 
21   25   7    37   49   56   17   26   0    14   35   46   8    32   17   19   57   35   23   11   43   39   13   24   52   187  206  192  196  195  222  185  190  172  211  185  208  190  223  176  191  166  201  177  188  157  186  210  149  209  503  454  501  457  495  477  506  487  484  512  502  467  440  495  509  490  498  461  513  499  501  504  510  495  482  390  375  368  371  426  379  377  334  388  354  419  377  405  368  397  392  377  328  380  386  403  404  401  347  408  671  646  654  664  640  656  621  652  676  627  640  639  639  666  659  661  658  653  640  646  649  645  645  636  672 
20   27   19   23   64   52   27   34   14   0    33   57   18   36   15   12   44   43   26   25   37   51   27   14   48   193  213  199  205  202  230  192  199  180  218  192  214  197  230  183  199  173  207  186  194  163  192  217  156  216  512  463  510  466  504  486  515  495  492  520  509  476  448  503  517  499  506  471  523  509  509  513  518  503  491  376  361  354  357  412  365  362  320  374  340  405  363  391  354  383  378  363  314  366  372  389  390  387  333  393  685  660  668  679  655  671  635  667  690  641  654  654  654  680  673  676  672  667  654  660  663  659  660  650  686 
14   10   29   32   63   21   26   21   35   33   0    43   27   13   18   21   41   26   12   45   13   39   45   23   17   162  183  170  178  172  200  162  171  152  188  162  182  167  199  152  171  143  176  158  163  131  161  187  126  185  536  488  534  490  529  511  540  521  518  546  536  500  474  528  542  523  531  494  546  532  535  538  544  528  516  372  356  352  354  408  360  360  314  367  336  399  358  385  348  379  373  356  309  359  366  384  384  381  327  389  691  666  673  684  661  676  640  672  696  646  660  658  660  686  679  681  678  673  660  666  669  664  665  654  692 
44   37   39   71   27   55   30   25   46   57   43   0    39   30   47   52   84   17   37   46   57   6    44   58   54   146  161  147  150  152  179  141  145  127  166  141  168  146  180  134  146  123  160  131  146  117  143  167  107  166  512  466  509  464  506  488  518  499  496  527  516  474  451  505  520  499  508  468  520  506  513  514  522  504  493  415  398  395  397  451  403  404  356  409  379  442  401  427  390  421  415  397  352  402  408  427  426  423  370  432  650  625  631  643  619  634  598  630  655  604  618  616  618  645  638  640  636  631  619  625  628  622  624  612  651 
14   17   2    36   47   48   9    17   8    18   27   39   0    23   12   16   55   27   15   18   37   33   18   22   44   179  197  183  188  187  214  177  182  164  202  176  200  182  215  168  183  158  193  169  179  149  177  202  141  200  510  461  507  463  502  484  513  494  491  519  509  473  447  501  515  497  504  468  519  505  508  511  517  501  489  389  374  368  370  425  378  376  332  386  353  417  376  403  366  396  391  375  327  378  384  401  402  399  345  406  672  647  655  666  642  658  622  654  677  628  641  640  641  668  660  663  659  654  641  647  650  646  647  636  674 
17   9    25   42   51   29   19   10   32   36   13   30   23   0    22   26   54   13   10   40   26   26   40   31   26   156  177  163  169  165  193  156  163  144  181  155  177  161  193  146  163  137  171  150  157  126  155  180  119  179  528  481  526  481  521  503  533  514  510  540  529  492  466  521  535  515  524  486  538  524  527  530  537  520  508  385  368  365  367  421  373  373  326  380  349  412  371  397  361  391  385  368  322  372  378  397  396  394  340  402  679  653  660  672  648  663  627  659  684  633  647  645  647  674  666  669  665  660  648  653  657  651  653  641  680 
5    12   14   24   59   39   18   22   17   15   18   47   12   22   0    5    42   31   11   29   25   41   30   11   35   178  199  185  191  188  215  178  185  166  204  177  199  183  215  168  185  159  193  172  179  148  177  202  141  201  521  472  519  475  513  495  524  505  502  530  519  485  457  512  526  508  515  479  531  517  519  522  528  512  500  377  361  355  358  412  365  364  320  373  340  405  363  391  354  383  378  362  314  365  372  389  390  387  333  394  685  660  667  678  655  670  634  666  690  640  654  653  654  680  673  675  672  667  654  660  663  658  659  649  686 
8    17   18   19   63   40   23   27   19   12   21   52   16   26   5    0    38   35   16   31   25   46   33   6    35   182  203  189  196  191  219  182  189  170  208  181  202  187  219  172  189  163  196  176  183  152  181  206  145  205  522  473  520  476  514  496  525  506  503  531  520  486  459  514  528  509  517  481  533  519  520  523  529  514  501  373  357  351  353  408  361  359  316  369  336  401  359  387  350  379  374  358  310  361  368  385  386  383  329  390  689  664  671  682  659  674  639  670  694  644  658  657  658  684  677  679  676  671  658  664  667  662  663  653  690 
42   47   57   21   101  42   60   60   57   44   41   84   55   54   42   38   0    66   48   68   29   79   70   32   39   191  216  203  213  203  231  195  207  187  220  194  210  200  230  183  205  176  205  194  193  161  192  218  158  215  555  504  553  509  546  528  556  536  534  560  550  519  490  545  559  542  548  514  566  552  551  555  560  546  533  334  319  313  315  370  323  321  277  331  298  362  321  348  311  341  336  320  272  323  329  346  347  344  290  351  727  702  710  721  697  713  677  709  732  683  696  695  696  723  715  718  714  709  696  702  705  701  702  691  729 
27   20   27   54   40   39   18   9    35   43   26   17   27   13   31   35   66   0    20   39   39   13   38   41   38   152  170  156  161  160  187  150  155  137  175  149  173  155  188  141  156  131  166  142  152  122  150  175  114  173  520  474  518  473  514  496  525  507  503  533  523  483  459  513  528  508  516  477  529  516  520  522  530  513  501  398  381  378  379  434  386  386  339  392  362  425  384  410  373  404  398  381  335  385  391  409  409  406  353  415  666  641  648  659  636  651  615  647  671  621  635  632  635  661  654  656  653  648  636  641  644  638  640  628  667 
7    2    17   34   53   33   14   12   23   26   12   37   15   10   11   16   48   20   0    33   24   31   33   21   29   167  187  173  179  176  204  166  173  154  192  166  188  171  204  157  173  147  181  160  168  137  166  191  130  189  524  476  521  477  516  498  527  508  505  534  524  487  461  516  530  511  519  481  533  519  522  525  531  515  503  382  366  361  363  418  370  370  324  377  345  409  368  395  358  388  383  366  319  370  376  394  394  391  337  399  680  655  663  674  650  666  630  661  686  636  649  648  649  676  668  671  667  663  650  656  659  653  655  644  682 
32   35   16   48   43   66   22   31   11   25   45   46   18   40   29   31   68   39   33   0    54   40   3    36   62   191  208  194  197  198  225  188  191  174  213  188  213  193  226  180  193  169  205  178  191  162  189  213  153  212  492  443  490  445  484  466  495  476  473  501  491  456  429  483  497  479  487  450  502  488  490  493  499  483  471  401  386  379  382  437  390  387  345  399  365  430  388  416  379  408  403  388  339  391  397  414  415  412  358  418  660  635  643  654  630  646  610  642  665  616  629  629  629  655  648  651  647  642  629  635  638  634  635  625  661 
22   23   39   26   77   17   39   35   43   37   13   57   37   26   25   25   29   39   24   54   0    53   55   23   13   167  190  177  186  178  206  169  179  159  195  168  186  174  205  158  178  150  181  167  168  136  166  192  132  190  546  498  544  500  539  521  550  530  527  555  545  510  483  538  552  533  541  505  556  542  544  548  553  538  526  358  342  338  340  394  346  347  300  353  322  385  344  371  334  365  359  342  295  345  352  370  370  367  314  375  705  680  687  698  674  690  654  686  710  660  673  672  673  700  693  695  692  687  674  680  683  677  679  668  706 
38   32   32   65   27   53   23   19   39   51   39   6    33   26   41   46   79   13   31   40   53   0    38   52   51   152  168  154  157  158  185  147  151  133  173  148  173  152  186  140  152  129  166  138  152  122  149  173  113  172  510  464  507  463  504  486  516  497  494  524  513  473  449  503  518  497  506  467  519  505  511  512  520  503  491  411  395  391  393  447  399  400  353  406  375  438  397  424  387  418  412  394  348  398  405  423  423  420  367  428  653  627  634  646  622  637  601  633  658  607  621  619  621  648  640  643  639  634  622  627  630  625  627  615  654 
32   35   16   50   40   66   21   31   13   27   45   44   18   40   30   33   70   38   33   3    55   38   0    38   62   190  206  192  195  196  223  186  189  171  211  186  211  191  224  178  191  168  203  176  189  160  187  211  151  210  491  442  489  444  483  465  494  475  472  501  490  455  428  483  497  478  486  449  501  487  489  492  498  482  470  404  388  381  384  439  393  390  348  401  367  432  390  418  381  410  406  390  342  393  399  416  417  414  360  421  657  632  640  651  627  643  608  639  662  614  626  626  626  653  645  648  645  640  627  633  636  632  632  623  659 
14   21   24   13   70   40   30   33   24   14   23   58   22   31   11   6    32   41   21   36   23   52   38   0    35   185  206  193  200  195  223  185  194  174  211  185  205  190  222  175  193  166  199  181  186  155  184  210  149  208  526  477  524  480  518  500  529  509  506  534  524  490  462  517  531  513  520  485  536  522  523  527  532  517  505  366  351  345  347  402  355  353  310  363  330  395  353  381  344  373  368  352  304  355  362  379  380  377  323  383  695  670  677  688  665  680  645  676  700  650  664  663  664  690  683  685  682  677  664  670  673  668  669  659  696 
31   27   46   39   77   4    43   37   52   48   17   54   44   26   35   35   39   38   29   62   13   51   62   35   0    154  177  164  174  165  193  156  167  147  182  155  173  161  192  145  166  137  168  155  155  123  153  179  119  177  553  505  551  507  546  528  557  538  535  564  553  517  491  545  560  541  549  511  563  549  552  555  561  545  533  361  344  342  343  397  349  350  302  355  325  387  346  373  336  367  361  343  298  347  354  372  372  369  316  378  704  679  686  697  674  689  652  684  709  659  672  670  673  699  692  694  690  686  674  679  682  676  678  666  706 
173  166  180  193  166  150  171  161  187  193  162  146  179  156  178  182  191  152  167  191  167  152  190  185  154  0    31   27   49   16   41   20   44   37   34   17   21   21   39   13   35   25   14   45   6    30   7    27   38   25   623  584  618  573  620  604  634  618  613  647  636  584  569  620  637  611  623  577  627  615  630  626  639  618  609  449  429  439  436  483  434  446  385  433  416  469  432  451  419  455  442  419  388  428  434  457  451  450  404  463  682  656  658  673  650  662  624  656  688  632  648  638  650  675  668  669  664  660  654  655  659  646  654  633  683 
194  186  198  215  178  174  189  180  206  213  183  161  197  177  199  203  216  170  187  208  190  168  206  206  177  31   0    14   27   15   17   21   26   35   5    21   33   16   20   33   18   40   24   36   26   56   27   11   57   13   618  580  613  568  615  599  629  614  609  645  634  579  565  615  632  606  618  571  621  609  626  621  635  613  604  481  460  470  467  515  466  478  416  464  447  500  464  482  450  486  474  450  419  459  465  488  482  481  435  494  659  634  635  650  628  639  601  633  665  609  626  614  627  652  646  646  641  638  631  632  636  622  631  609  660 
180  172  184  202  164  161  175  166  192  199  170  147  183  163  185  189  203  156  173  194  177  154  192  193  164  27   14   0    22   13   31   9    18   21   19   11   38   5    34   24   8    27   27   24   20   45   20   22   44   23   607  569  602  557  604  588  618  603  597  633  622  568  554  604  621  595  607  560  610  598  614  610  623  602  593  474  454  463  460  508  459  470  410  459  440  494  457  476  444  480  468  444  412  453  459  482  476  475  428  488  656  630  632  647  624  636  598  630  662  605  622  612  624  649  642  643  638  634  628  629  633  619  628  606  657 
187  179  188  210  163  171  179  171  196  205  178  150  188  169  191  196  213  161  179  197  186  157  195  200  174  49   27   22   0    35   40   30   7    27   30   32   59   28   46   44   14   43   48   19   43   62   43   38   58   40   592  555  587  542  589  574  604  589  584  620  609  553  540  589  607  580  592  545  595  583  600  595  609  587  579  494  474  482  479  528  479  490  430  479  460  514  477  497  464  500  488  465  432  474  480  502  497  495  448  508  633  608  609  624  602  613  575  608  640  583  600  589  602  627  620  620  616  612  606  606  610  597  606  584  635 
183  175  188  203  170  161  178  169  195  202  172  152  187  165  188  191  203  160  176  198  178  158  196  195  165  16   15   13   35   0    28   12   31   31   18   11   25   9    27   20   21   29   13   36   11   42   12   14   46   13   619  580  614  569  616  600  630  614  609  645  633  580  565  616  633  607  619  572  622  610  626  622  635  614  605  466  445  455  452  500  451  463  401  450  432  485  449  467  436  472  459  435  404  445  450  474  467  466  420  479  669  643  645  660  637  649  611  643  675  618  636  625  637  662  656  656  651  647  641  642  646  632  641  619  670 
210  202  215  231  195  189  205  196  222  230  200  179  214  193  215  219  231  187  204  225  206  185  223  223  193  41   17   31   40   28   0    37   41   52   12   37   33   32   7    48   34   56   30   52   38   70   39   14   73   17   632  595  627  582  629  614  644  629  624  660  649  593  580  629  647  620  632  585  635  623  640  635  649  627  619  488  467  479  475  522  473  486  424  471  455  506  471  488  458  494  481  457  427  466  472  496  489  488  443  501  665  639  640  655  633  644  606  638  671  614  631  619  633  658  651  651  646  643  637  638  642  627  637  614  666 
173  165  177  194  158  152  168  159  185  192  162  141  177  156  178  182  195  150  166  188  169  147  186  185  156  20   21   9    30   12   37   0    24   19   25   2    36   5    38   15   15   19   25   25   14   36   13   26   36   25   607  568  602  557  604  588  618  602  597  632  621  568  553  604  621  595  607  560  611  598  614  610  623  602  593  465  445  454  451  500  450  461  401  450  431  485  448  468  435  471  459  436  403  445  450  473  468  466  419  479  661  636  637  652  630  641  603  636  667  611  628  618  629  655  648  648  644  640  633  634  638  625  633  612  662 
180  172  183  203  158  164  173  165  190  199  171  145  182  163  185  189  207  155  173  191  179  151  189  194  167  44   26   18   7    31   41   24   0    20   30   27   55   23   46   38   9    36   45   13   38   56   37   37   51   38   592  555  587  542  589  573  603  589  583  619  608  553  540  589  607  580  592  545  595  583  600  595  609  587  578  487  467  475  473  522  472  483  423  472  453  508  470  490  458  493  481  458  425  467  473  496  490  489  441  501  638  612  614  629  606  618  580  612  644  587  604  594  606  631  624  625  620  616  610  611  615  601  610  588  639 
161  153  164  184  142  144  155  146  172  180  152  127  164  144  166  170  187  137  154  174  159  133  171  174  147  37   35   21   27   31   52   19   20   0    40   21   55   22   55   26   19   18   44   11   31   38   30   43   31   43   588  549  583  538  585  569  599  583  578  613  602  549  534  585  602  576  588  541  592  579  595  591  604  583  574  469  449  456  454  503  454  464  405  455  434  490  452  472  439  475  463  441  406  449  455  477  472  471  423  483  647  621  624  638  615  627  589  622  653  597  614  604  615  640  634  634  630  626  618  620  624  611  619  599  648 
199  191  203  220  183  178  194  185  211  218  188  166  202  181  204  208  220  175  192  213  195  173  211  211  182  34   5    19   30   18   12   25   30   40   0    26   32   20   16   37   23   44   25   40   29   60   30   9    62   12   622  585  617  572  619  604  634  619  613  649  638  583  570  619  637  610  622  575  625  613  630  625  639  617  609  483  462  473  469  517  468  480  418  466  449  502  466  484  453  489  476  452  422  461  467  491  484  483  437  496  660  635  636  651  629  640  602  635  667  610  627  616  629  654  647  647  643  639  633  633  637  623  633  610  662 
173  165  177  193  159  152  168  159  185  192  162  141  176  155  177  181  194  149  166  188  168  148  186  185  155  17   21   11   32   11   37   2    27   21   26   0    34   6    38   13   18   18   23   28   11   34   10   25   36   24   609  570  604  559  606  590  620  604  599  634  623  570  555  606  623  597  609  562  613  600  616  612  625  604  595  463  442  451  449  497  448  459  399  447  429  483  446  465  433  469  456  433  401  442  448  471  465  464  417  477  664  638  640  655  632  644  606  639  670  614  631  620  632  657  651  651  646  643  636  637  641  628  636  615  665 
194  186  201  212  188  169  192  182  208  214  182  168  200  177  199  202  210  173  188  213  186  173  211  205  173  21   33   38   59   25   33   36   55   55   32   34   0    33   27   34   46   46   11   61   24   51   26   22   60   19   643  604  638  593  640  624  654  638  633  668  657  604  589  640  657  631  643  596  647  634  650  646  659  638  629  455  434  446  442  488  440  453  390  437  422  473  438  455  424  461  447  423  394  433  438  462  455  454  410  468  692  667  668  683  661  672  634  666  698  642  659  648  660  686  679  679  674  671  664  665  669  655  664  642  694 
178  170  182  199  163  157  173  164  190  197  167  146  182  161  183  187  200  155  171  193  174  152  191  190  161  21   16   5    28   9    32   5    23   22   20   6    33   0    33   19   14   24   22   27   15   40   14   21   41   21   610  571  605  560  607  591  621  606  600  636  624  571  556  607  624  598  610  563  613  601  617  613  626  605  596  469  448  457  454  503  454  465  404  453  435  488  451  471  439  474  462  439  407  448  454  477  471  469  423  482  661  636  637  652  630  641  603  636  667  611  628  617  629  654  648  648  643  640  633  634  638  625  633  612  662 
210  202  215  230  197  188  206  197  223  230  199  180  215  193  215  219  230  188  204  226  205  186  224  222  192  39   20   34   46   27   7    38   46   55   16   38   27   33   0    47   39   56   25   56   36   68   38   12   73   14   638  601  633  588  635  620  650  635  629  665  654  599  586  635  653  626  638  591  641  629  646  641  655  633  625  482  461  473  469  516  467  480  418  465  449  500  465  482  452  488  475  450  422  460  466  490  483  482  437  495  672  647  648  663  641  652  614  646  679  622  639  627  641  666  659  659  654  651  645  645  649  635  644  621  674 
163  155  169  183  153  141  159  150  176  183  152  134  168  146  168  172  183  141  157  180  158  140  178  175  145  13   33   24   44   20   48   15   38   26   37   13   34   19   47   0    30   12   25   36   11   22   9    34   27   32   610  571  606  560  607  591  621  605  600  634  623  571  556  607  624  598  610  564  615  602  617  613  626  605  596  450  430  438  436  484  435  446  386  435  416  470  433  452  420  456  444  421  388  429  435  458  452  451  404  464  673  647  649  664  641  653  615  648  679  623  640  630  641  666  659  660  655  652  644  646  650  637  645  625  674 
180  172  183  203  161  162  174  165  191  199  171  146  183  163  185  189  205  156  173  193  178  152  191  193  166  35   18   8    14   21   34   15   9    19   23   18   46   14   39   30   0    31   35   17   29   50   28   29   47   30   600  562  595  550  597  581  611  596  591  627  615  561  547  597  614  588  600  553  603  591  608  603  616  595  586  481  460  469  466  515  466  476  416  465  446  501  463  483  451  486  474  451  418  460  466  489  483  482  435  495  647  622  623  638  616  627  589  622  653  597  614  603  615  640  634  634  629  626  619  620  624  611  619  598  648 
154  146  159  175  142  133  149  140  166  173  143  123  158  137  159  163  176  131  147  169  150  129  168  166  137  25   40   27   43   29   56   19   36   18   44   18   46   24   56   12   31   0    37   30   22   19   20   43   17   42   598  559  594  549  595  579  609  593  588  622  611  559  544  595  612  586  598  552  603  590  605  601  614  593  584  451  431  438  436  485  436  446  387  436  416  471  434  454  421  457  445  422  388  431  437  459  454  452  405  465  665  639  642  656  633  645  607  640  671  615  631  622  633  658  651  652  648  644  636  638  642  630  637  617  666 
188  180  194  207  179  164  185  175  201  207  176  160  193  171  193  196  205  166  181  205  181  166  203  199  168  14   24   27   48   13   30   25   45   44   25   23   11   22   25   25   35   37   0    50   14   44   16   16   52   13   632  593  627  582  629  613  643  627  622  657  646  593  578  629  646  620  632  585  636  623  639  635  648  627  618  459  438  449  445  492  443  456  394  442  425  477  441  459  428  464  451  427  398  437  443  466  459  458  413  472  682  657  658  673  651  662  624  657  688  632  649  638  650  676  669  669  664  661  654  655  659  646  654  633  684 
167  159  169  191  145  152  160  152  177  186  158  131  169  150  172  176  194  142  160  178  167  138  176  181  155  45   36   24   19   36   52   25   13   11   40   28   61   27   56   36   17   30   50   0    39   49   38   46   41   47   583  545  578  533  580  564  594  579  573  609  598  544  530  580  597  571  583  536  586  574  590  586  599  578  569  480  460  467  465  514  465  475  416  466  445  501  463  483  450  486  474  452  417  460  466  488  483  482  434  494  637  611  613  628  605  617  579  612  643  587  603  594  605  630  623  624  619  616  608  610  614  601  609  588  638 
174  167  180  194  165  152  171  162  188  194  163  146  179  157  179  183  193  152  168  191  168  152  189  186  155  6    26   20   43   11   38   14   38   31   29   11   24   15   36   11   29   22   14   39   0    32   2    24   38   21   619  580  614  569  616  600  630  614  609  644  633  580  565  616  633  607  619  572  623  611  626  622  635  614  605  455  434  444  441  489  440  452  391  439  421  474  438  457  425  461  448  425  393  434  440  463  457  455  409  469  675  650  652  667  644  656  618  650  682  625  642  632  644  669  662  663  658  654  647  648  652  639  648  627  677 
143  135  149  162  138  119  141  131  157  163  131  117  149  126  148  152  161  122  137  162  136  122  160  155  123  30   56   45   62   42   70   36   56   38   60   34   51   40   68   22   50   19   44   49   32   0    30   56   14   54   604  564  600  555  600  584  614  598  593  627  616  566  549  600  617  592  603  559  610  597  610  607  619  599  589  431  411  419  416  466  416  427  367  417  397  452  414  434  402  437  425  403  369  411  417  440  434  433  385  445  681  655  658  672  649  662  624  656  687  631  648  639  649  674  668  668  664  660  652  654  658  646  653  634  682 
172  164  178  192  162  150  169  159  186  192  161  143  177  155  177  181  192  150  166  189  166  149  187  184  153  7    27   20   43   12   39   13   37   30   30   10   26   14   38   9    28   20   16   38   2    30   0    25   36   23   617  578  612  567  614  598  628  612  607  642  631  578  563  614  631  605  617  570  621  609  624  620  633  612  603  454  434  443  440  489  439  451  390  439  421  474  437  456  424  460  448  424  393  433  439  462  456  455  409  468  674  649  651  666  643  655  617  649  681  624  641  631  643  668  661  662  657  653  646  647  651  639  647  626  676 
198  190  202  218  185  175  193  184  210  217  187  167  202  180  202  206  218  175  191  213  192  173  211  210  179  27   11   22   38   14   14   26   37   43   9    25   22   21   12   34   29   43   16   46   24   56   25   0    60   3    629  591  624  579  626  610  640  625  620  655  644  590  576  626  643  617  629  582  632  620  636  632  645  624  615  475  454  465  461  509  460  472  410  458  441  493  458  475  444  481  467  444  414  453  459  482  476  475  429  488  670  645  646  661  639  650  612  644  677  620  637  625  639  664  657  657  652  649  643  643  647  633  642  620  672 
137  129  142  157  127  116  133  123  149  156  126  107  141  119  141  145  158  114  130  153  132  113  151  149  119  38   57   44   58   46   73   36   51   31   62   36   60   41   73   27   47   17   52   41   38   14   36   60   0    59   590  550  586  541  586  570  600  584  579  613  602  552  535  586  603  578  589  544  595  583  596  593  605  584  575  439  419  425  423  473  424  433  375  425  404  460  422  443  409  445  433  411  376  419  425  447  443  441  393  453  667  642  645  659  636  649  611  643  673  618  634  626  635  661  654  655  651  647  639  641  644  633  640  621  669 
196  188  201  216  184  173  192  183  209  216  185  166  200  179  201  205  215  173  189  212  190  172  210  208  177  25   13   23   40   13   17   25   38   43   12   24   19   21   14   32   30   42   13   47   21   54   23   3    59   0    630  592  625  580  627  611  641  626  620  656  645  591  577  627  644  618  630  583  633  621  637  633  646  625  616  472  451  462  458  505  457  469  407  455  438  490  454  472  441  477  464  440  411  450  456  479  473  471  426  485  673  647  649  664  641  653  615  647  679  622  640  628  641  666  660  660  655  651  645  646  650  636  645  623  674 
524  526  507  534  484  557  510  518  503  512  536  512  510  528  521  522  555  520  524  492  546  510  491  526  553  623  618  607  592  619  632  607  592  588  622  609  643  610  638  610  600  598  632  583  619  604  617  629  590  630  0    57   10   50   17   33   30   44   37   65   59   39   68   20   33   13   19   47   23   17   34   6    35   13   30   847  839  818  826  880  841  826  806  856  815  880  839  871  834  853  857  849  794  847  853  862  869  865  812  865  400  388  409  404  388  408  396  410  400  394  390  417  386  403  397  405  407  401  376  394  392  414  394  419  401 
475  478  459  484  438  509  462  470  454  463  488  466  461  481  472  473  504  474  476  443  498  464  442  477  505  584  580  569  555  580  595  568  555  549  585  570  604  571  601  571  562  559  593  545  580  564  578  591  550  592  57   0    61   47   43   25   51   34   29   65   54   45   15   42   54   45   45   51   77   64   46   55   55   44   29   792  784  763  771  824  786  771  751  801  759  824  784  816  779  798  801  794  739  792  798  806  814  810  757  809  436  421  441  438  420  440  425  441  436  424  422  446  418  438  431  439  440  434  410  426  425  444  426  448  437 
522  523  505  532  481  554  508  515  501  510  534  509  507  526  519  520  553  518  521  490  544  507  489  524  551  618  613  602  587  614  627  602  587  583  617  604  638  605  633  606  595  594  627  578  614  600  612  624  586  625  10   61   0    45   26   38   40   53   45   75   69   34   70   29   43   15   28   42   16   7    44   17   46   22   37   848  839  819  827  881  842  827  806  856  815  880  840  872  835  854  857  849  795  847  853  863  870  865  812  866  391  378  399  394  378  398  386  400  390  384  380  407  376  393  387  395  397  391  366  384  382  404  384  409  391 
477  479  461  489  436  510  463  471  457  466  490  464  463  481  475  476  509  473  477  445  500  463  444  480  507  573  568  557  542  569  582  557  542  538  572  559  593  560  588  560  550  549  582  533  569  555  567  579  541  580  50   47   45   0    51   43   68   65   56   98   88   11   46   52   72   39   55   5    56   42   68   53   75   48   47   808  799  780  787  841  802  788  765  816  775  840  800  831  794  815  817  808  754  807  813  823  829  825  772  826  389  374  394  391  373  393  378  394  389  377  375  399  371  391  384  392  393  387  363  379  378  397  379  401  390 
516  518  500  526  478  550  503  511  495  504  529  506  502  521  513  514  546  514  516  484  539  504  483  518  546  620  615  604  589  616  629  604  589  585  619  606  640  607  635  607  597  595  629  580  616  600  614  626  586  627  17   43   26   51   0    18   17   27   20   51   44   41   56   3    21   15   3    51   40   32   19   12   24   4    14   836  827  806  814  868  830  814  795  845  803  868  828  860  823  842  845  838  783  835  841  850  858  853  801  853  416  404  425  420  404  423  411  425  416  409  405  432  401  419  413  421  422  417  392  409  408  429  409  434  417 
498  500  482  507  460  532  485  493  477  486  511  488  484  503  495  496  528  496  498  466  521  486  465  500  528  604  599  588  574  600  614  588  573  569  604  590  624  591  620  591  581  579  613  564  600  584  598  610  570  611  33   25   38   43   18   0    30   22   12   54   44   36   38   17   33   23   20   45   54   43   26   30   35   19   5    817  808  787  796  849  811  795  776  826  784  849  809  841  804  823  826  819  764  816  822  831  839  834  782  834  424  410  430  427  410  429  416  431  423  414  411  437  407  426  420  427  429  423  398  415  414  434  415  439  424 
527  529  511  536  490  561  514  522  506  515  540  518  513  533  524  525  556  525  527  495  550  516  494  529  557  634  629  618  604  630  644  618  603  599  634  620  654  621  650  621  611  609  643  594  630  614  628  640  600  641  30   51   40   68   17   30   0    22   22   35   30   58   66   16   3    32   14   68   51   47   7    23   6    21   25   842  834  812  821  873  836  820  802  851  809  874  834  866  830  848  851  845  790  842  848  856  864  860  807  859  430  418  439  434  418  438  426  440  430  424  420  447  416  433  427  435  437  431  406  424  422  444  424  450  431 
508  510  492  516  472  542  495  503  487  495  521  499  494  514  505  506  536  507  508  476  530  497  475  509  538  618  614  603  589  614  629  602  589  583  619  604  638  606  635  605  596  593  627  579  614  598  612  625  584  626  44   34   53   65   27   22   22   0    9    33   22   58   49   24   23   39   25   67   67   59   15   38   24   31   19   820  812  790  799  851  814  798  780  829  787  852  812  844  808  826  830  823  768  820  826  834  842  838  785  837  443  430  450  446  429  449  436  451  442  434  431  457  427  445  439  447  448  442  418  435  434  454  435  459  443 
505  507  489  514  468  538  492  500  484  492  518  496  491  510  502  503  534  503  505  473  527  494  472  506  535  613  609  597  584  609  624  597  583  578  613  599  633  600  629  600  591  588  622  573  609  593  607  620  579  620  37   29   45   56   20   12   22   9    0    42   31   48   44   17   24   31   19   58   60   51   17   32   26   23   9    820  812  790  798  851  814  798  780  829  787  852  812  844  807  826  829  822  768  820  826  834  842  837  785  837  434  421  441  437  420  440  427  442  434  425  422  448  418  436  430  438  439  433  409  426  425  445  426  450  435 
533  536  517  540  499  567  521  529  512  520  546  527  519  540  530  531  560  533  534  501  555  524  501  534  564  647  645  633  620  645  660  632  619  613  649  634  668  636  665  634  627  622  657  609  644  627  642  655  613  656  65   65   75   98   51   54   35   33   42   0    11   89   80   49   32   66   48   99   86   82   31   58   30   56   50   836  829  806  815  867  831  814  799  847  805  869  829  861  826  842  847  841  786  838  843  851  859  855  803  854  465  454  474  469  453  473  462  475  465  460  455  483  451  468  462  470  472  466  442  459  457  479  459  485  466 
523  526  507  530  488  557  510  519  502  509  536  516  509  529  519  520  550  523  524  491  545  513  490  524  553  636  634  622  609  633  649  621  608  602  638  623  657  624  654  623  615  611  646  598  633  616  631  644  602  645  59   54   69   88   44   44   30   22   31   11   0    80   68   41   28   58   41   89   81   76   24   52   26   48   41   828  821  798  807  859  823  806  790  839  796  861  821  853  817  834  838  833  778  829  835  843  851  847  795  846  460  448  468  463  447  467  455  469  459  453  449  476  445  463  457  465  466  460  436  453  452  473  453  478  461 
487  489  471  498  447  520  473  481  467  476  500  474  473  492  485  486  519  483  487  456  510  473  455  490  517  584  579  568  553  580  593  568  553  549  583  570  604  571  599  571  561  559  593  544  580  566  578  590  552  591  39   45   34   11   41   36   58   58   48   89   80   0    47   42   62   28   44   10   46   32   59   42   65   37   39   817  808  788  796  850  810  796  774  824  784  849  808  840  803  823  825  817  763  815  821  831  838  834  781  835  391  377  397  394  376  396  381  397  391  380  378  403  374  393  387  394  395  389  365  382  381  400  382  404  392 
461  463  444  470  423  494  447  455  440  448  474  451  447  466  457  459  490  459  461  429  483  449  428  462  491  569  565  554  540  565  580  553  540  534  570  555  589  556  586  556  547  544  578  530  565  549  563  576  535  577  68   15   70   46   56   38   66   49   44   80   68   47   0    55   69   55   58   51   86   72   61   67   70   56   42   779  771  750  758  811  773  758  738  788  746  811  771  803  766  785  788  781  727  779  785  794  801  797  744  797  435  419  439  437  418  438  422  439  435  421  420  443  416  436  430  437  438  432  408  424  423  441  424  445  435 
515  518  499  525  477  549  502  510  495  503  528  505  501  521  512  514  545  513  516  483  538  503  483  517  545  620  615  604  589  616  629  604  589  585  619  606  640  607  635  607  597  595  629  580  616  600  614  626  586  627  20   42   29   52   3    17   16   24   17   49   41   42   55   0    19   17   3    52   43   35   17   15   22   7    13   834  826  805  813  866  828  813  794  843  801  866  826  858  822  840  843  836  782  834  840  848  856  852  799  852  419  407  427  423  407  426  414  428  419  412  408  435  404  422  416  424  425  420  395  412  411  432  412  437  420 
529  532  513  538  492  563  516  525  509  517  542  520  515  535  526  528  559  528  530  497  552  518  497  531  560  637  632  621  607  633  647  621  607  602  637  623  657  624  653  624  614  612  646  597  633  617  631  643  603  644  33   54   43   72   21   33   3    23   24   32   28   62   69   19   0    36   17   72   54   50   8    26   2    25   28   843  835  814  822  875  838  822  804  853  811  876  836  868  831  849  853  846  792  843  849  858  866  861  809  861  433  421  442  437  421  440  429  442  432  427  423  450  419  436  430  438  439  434  409  426  425  447  427  452  433 
511  513  494  521  471  544  497  505  490  499  523  499  497  515  508  509  542  508  511  479  533  497  478  513  541  611  606  595  580  607  620  595  580  576  610  597  631  598  626  598  588  586  620  571  607  592  605  617  578  618  13   45   15   39   15   23   32   39   31   66   58   28   55   17   36   0    18   37   31   20   34   15   38   10   22   835  826  806  814  867  828  814  793  843  802  867  826  858  822  841  844  836  782  834  840  849  856  852  799  852  403  390  411  406  390  409  397  411  403  395  391  418  388  406  399  407  409  403  378  395  394  415  396  420  404 
519  521  502  528  480  552  505  513  498  506  531  508  504  524  515  517  548  516  519  487  541  506  486  520  549  623  618  607  592  619  632  607  592  588  622  609  643  610  638  610  600  598  632  583  619  603  617  629  589  630  19   45   28   55   3    20   14   25   19   48   41   44   58   3    17   18   0    54   42   35   16   13   20   7    16   837  829  808  816  869  831  816  797  846  805  869  829  861  825  843  847  839  785  837  843  852  859  855  802  855  419  407  427  423  406  426  414  428  419  412  408  435  404  422  416  424  425  419  395  412  411  432  412  437  420 
482  483  465  493  440  514  468  475  461  471  494  468  468  486  479  481  514  477  481  450  505  467  449  485  511  577  571  560  545  572  585  560  545  541  575  562  596  563  591  564  553  552  585  536  572  559  570  582  544  583  47   51   42   5    51   45   68   67   58   99   89   10   51   52   72   37   54   0    51   38   69   52   75   47   48   814  804  785  793  847  807  794  770  821  780  846  805  837  800  820  822  814  759  812  818  828  835  831  777  832  384  370  389  387  369  389  374  390  385  372  370  395  367  386  380  387  388  382  358  374  374  393  375  397  385 
534  535  517  545  492  566  519  527  513  523  546  520  519  538  531  533  566  529  533  502  556  519  501  536  563  627  621  610  595  622  635  611  595  592  625  613  647  613  641  615  603  603  636  586  623  610  621  632  595  633  23   77   16   56   40   54   51   67   60   86   81   46   86   43   54   31   42   51   0    14   57   29   56   36   52   863  854  834  842  895  856  842  820  871  830  895  854  886  849  869  872  863  809  861  867  877  884  880  827  881  379  367  388  383  367  386  376  388  378  374  369  397  365  382  376  384  386  380  355  372  371  393  373  399  379 
520  521  503  531  479  552  506  513  499  509  532  506  505  524  517  519  552  516  519  488  542  505  487  522  549  615  609  598  583  610  623  598  583  579  613  600  634  601  629  602  591  590  623  574  611  597  609  620  583  621  17   64   7    42   32   43   47   59   51   82   76   32   72   35   50   20   35   38   14   0    51   24   53   28   42   848  839  820  827  881  842  828  806  856  815  880  840  872  835  854  857  849  795  847  853  863  870  865  812  866  384  372  392  387  371  391  379  393  384  377  373  400  369  387  381  389  390  384  360  377  375  397  377  402  385 
522  524  506  530  485  556  509  517  501  509  535  513  508  527  519  520  551  520  522  490  544  511  489  523  552  630  626  614  600  626  640  614  600  595  630  616  650  617  646  617  608  605  639  590  626  610  624  636  596  637  34   46   44   68   19   26   7    15   17   31   24   59   61   17   8    34   16   69   57   51   0    28   9    24   22   835  827  806  814  867  829  813  796  845  803  867  828  860  823  841  845  838  784  835  841  850  857  853  801  853  435  423  444  439  423  442  431  444  435  429  425  451  421  438  432  440  441  436  411  428  427  448  428  454  436 
525  527  509  535  486  558  511  519  504  513  538  514  511  530  522  523  555  522  525  493  548  512  492  527  555  626  621  610  595  622  635  610  595  591  625  612  646  613  641  613  603  601  635  586  622  607  620  632  593  633  6    55   17   53   12   30   23   38   32   58   52   42   67   15   26   15   13   52   29   24   28   0    29   10   27   847  838  817  825  879  841  825  806  855  814  879  839  870  834  853  856  849  794  846  852  861  868  864  811  864  407  395  416  411  395  414  403  416  406  401  397  424  393  410  404  412  413  408  383  400  399  420  400  426  408 
531  533  515  540  494  565  518  526  510  518  544  522  517  537  528  529  560  530  531  499  553  520  498  532  561  639  635  623  609  635  649  623  609  604  639  625  659  626  655  626  616  614  648  599  635  619  633  645  605  646  35   55   46   75   24   35   6    24   26   30   26   65   70   22   2    38   20   75   56   53   9    29   0    28   30   844  836  814  823  875  838  822  805  854  812  876  836  868  832  850  854  847  792  844  850  858  866  862  810  861  435  424  444  439  423  443  432  445  435  430  425  453  421  438  432  440  442  436  412  429  427  449  429  455  436 
515  517  499  525  477  549  502  510  495  503  528  504  501  520  512  514  546  513  515  483  538  503  482  517  545  618  613  602  587  614  627  602  587  583  617  604  638  605  633  605  595  593  627  578  614  599  612  624  584  625  13   44   22   48   4    19   21   31   23   56   48   37   56   7    25   10   7    47   36   28   24   10   28   0    16   836  828  807  815  868  830  815  795  845  803  868  828  860  823  842  845  838  783  836  842  851  858  854  801  854  412  400  420  416  399  419  407  421  412  405  401  428  397  415  409  417  418  412  388  405  404  425  405  430  413 
503  505  487  512  465  537  490  498  482  491  516  493  489  508  500  501  533  501  503  471  526  491  470  505  533  609  604  593  579  605  619  593  578  574  609  595  629  596  625  596  586  584  618  569  605  589  603  615  575  616  30   29   37   47   14   5    25   19   9    50   41   39   42   13   28   22   16   48   52   42   22   27   30   16   0    821  813  792  800  853  815  800  781  830  788  853  813  845  809  827  830  823  769  821  827  835  843  839  786  839  424  411  431  427  411  430  417  432  424  416  412  438  408  427  421  428  430  424  399  416  415  435  416  440  425 
377  381  391  353  435  361  395  394  390  376  372  415  389  385  377  373  334  398  382  401  358  411  404  366  361  449  481  474  494  466  488  465  487  469  483  463  455  469  482  450  481  451  459  480  455  431  454  475  439  472  847  792  848  808  836  817  842  820  820  836  828  817  779  834  843  835  837  814  863  848  835  847  844  836  821  0    22   31   21   35   16   26   64   32   36   32   18   32   32   6    21   44   63   29   27   14   29   24   46   17   1061 1037 1044 1055 1031 1047 1012 1043 1066 1017 1031 1030 1030 1057 1050 1052 1049 1044 1031 1037 1040 1035 1036 1026 1063
361  365  376  338  419  344  379  377  375  361  356  398  374  368  361  357  319  381  366  386  342  395  388  351  344  429  460  454  474  445  467  445  467  449  462  442  434  448  461  430  460  431  438  460  434  411  434  454  419  451  839  784  839  799  827  808  834  812  812  829  821  808  771  826  835  826  829  804  854  839  827  838  836  828  813  22   0    38   24   54   6    37   43   20   24   43   4    32   10   27   17   25   46   11   15   28   30   26   28   34   1046 1021 1029 1040 1016 1032 996  1027 1051 1002 1015 1014 1015 1042 1034 1037 1033 1028 1015 1021 1024 1019 1021 1010 1048
356  360  369  332  414  342  374  373  368  354  352  395  368  365  355  351  313  378  361  379  338  391  381  345  342  439  470  463  482  455  479  454  475  456  473  451  446  457  473  438  469  438  449  467  444  419  443  465  425  462  818  763  819  780  806  787  812  790  790  806  798  788  750  805  814  806  808  785  834  820  806  817  814  807  792  31   38   0    13   61   35   8    62   57   27   63   35   63   44   36   49   64   52   49   51   46   60   55   41   48   1039 1014 1022 1033 1009 1025 990  1021 1043 995  1008 1008 1008 1034 1027 1030 1027 1022 1008 1014 1017 1013 1014 1004 1040
358  362  372  334  416  343  376  375  371  357  354  397  370  367  358  353  315  379  363  382  340  393  384  347  343  436  467  460  479  452  475  451  473  454  469  449  442  454  469  436  466  436  445  465  441  416  440  461  423  458  826  771  827  787  814  796  821  799  798  815  807  796  758  813  822  814  816  793  842  827  814  825  823  815  800  21   24   13   0    55   21   14   53   43   20   53   21   50   31   27   36   50   47   35   38   35   47   42   33   38   1042 1017 1025 1036 1012 1028 992  1024 1047 998  1011 1011 1011 1038 1030 1033 1030 1025 1011 1018 1020 1016 1017 1007 1043
413  417  427  389  471  397  431  429  426  412  408  451  425  421  412  408  370  434  418  437  394  447  439  402  397  483  515  508  528  500  522  500  522  503  517  497  488  503  516  484  515  485  492  514  489  466  489  509  473  505  880  824  881  841  868  849  873  851  851  867  859  850  811  866  875  867  869  847  895  881  867  879  875  868  853  35   54   61   55   0    49   53   98   53   72   21   51   39   64   29   42   68   99   56   51   26   37   36   81   20   1097 1072 1080 1091 1067 1083 1047 1079 1102 1053 1066 1066 1066 1093 1085 1088 1085 1080 1066 1073 1075 1071 1072 1062 1099
365  369  380  342  423  348  383  382  379  365  360  403  378  373  365  361  323  386  370  390  346  399  393  355  349  434  466  459  479  451  473  450  472  454  468  448  440  454  467  435  466  436  443  465  440  416  439  460  424  457  841  786  842  802  830  811  836  814  814  831  823  810  773  828  838  828  831  807  856  842  829  841  838  830  815  16   6    35   21   49   0    33   49   21   26   39   2    30   16   21   15   30   51   15   16   23   28   23   32   29   1050 1025 1033 1044 1020 1036 1000 1032 1055 1006 1019 1018 1019 1046 1038 1041 1038 1033 1020 1026 1029 1024 1025 1014 1052
364  369  378  340  423  350  382  382  377  362  360  404  376  373  364  359  321  386  370  387  347  400  390  353  350  446  478  470  490  463  486  461  483  464  480  459  453  465  480  446  476  446  456  475  452  427  451  472  433  469  826  771  827  788  814  795  820  798  798  814  806  796  758  813  822  814  816  794  842  828  813  825  822  815  800  26   37   8    14   53   33   0    67   55   32   57   33   58   45   30   45   63   59   48   49   40   55   50   46   41   1047 1022 1031 1041 1017 1033 998  1030 1052 1004 1017 1017 1016 1043 1035 1038 1035 1030 1016 1023 1026 1022 1022 1013 1049
320  323  334  297  377  301  338  335  334  320  314  356  332  326  320  316  277  339  324  345  300  353  348  310  302  385  416  410  430  401  424  401  423  405  418  399  390  404  418  386  416  387  394  416  391  367  390  410  375  407  806  751  806  765  795  776  802  780  780  799  790  774  738  794  804  793  797  770  820  806  796  806  805  795  781  64   43   62   53   98   49   67   0    53   34   86   47   71   34   70   59   43   18   45   52   72   70   67   20   78   1005 980  987  998  975  990  954  986  1010 960  974  972  974  1000 993  995  992  987  974  980  983  978  979  968  1006
373  376  388  351  431  354  391  389  388  374  367  409  386  380  373  369  331  392  377  399  353  406  401  363  355  433  464  459  479  450  471  450  472  455  466  447  437  453  465  435  465  436  442  466  439  417  439  458  425  455  856  801  856  816  845  826  851  829  829  847  839  824  788  843  853  843  846  821  871  856  845  855  854  845  830  32   20   57   43   53   21   55   53   0    43   35   22   17   21   33   12   15   61   9    5    28   17   17   43   34   1058 1033 1040 1052 1028 1043 1007 1039 1063 1013 1027 1025 1027 1054 1046 1049 1045 1040 1028 1033 1036 1031 1033 1021 1060
341  344  355  317  399  325  359  357  354  340  336  379  353  349  340  336  298  362  345  365  322  375  367  330  325  416  447  440  460  432  455  431  453  434  449  429  422  435  449  416  446  416  425  445  421  397  421  441  404  438  815  759  815  775  803  784  809  787  787  805  796  784  746  801  811  802  805  780  830  815  803  814  812  803  788  36   24   27   20   72   26   32   34   43   0    65   24   56   24   42   42   44   27   34   39   48   54   50   13   53   1025 1000 1008 1019 995  1011 975  1007 1030 981  994  994  994  1021 1013 1016 1013 1008 994  1001 1004 999  1000 990  1027
405  408  419  382  462  387  423  421  419  405  399  442  417  412  405  401  362  425  409  430  385  438  432  395  387  469  500  494  514  485  506  485  508  490  502  483  473  488  500  470  501  471  477  501  474  452  474  493  460  490  880  824  880  840  868  849  874  852  852  869  861  849  811  866  876  867  869  846  895  880  867  879  876  868  853  32   43   63   53   21   39   57   86   35   65   0    41   19   51   27   26   50   90   40   34   17   18   18   72   16   1090 1065 1072 1083 1060 1075 1039 1071 1095 1045 1059 1057 1059 1085 1078 1080 1077 1072 1059 1065 1068 1063 1064 1053 1091
363  367  378  340  421  346  381  379  377  363  358  401  376  371  363  359  321  384  368  388  344  397  390  353  346  432  464  457  477  449  471  448  470  452  466  446  438  451  465  433  463  434  441  463  438  414  437  458  422  454  839  784  840  800  828  809  834  812  812  829  821  808  771  826  836  826  829  805  854  840  828  839  836  828  813  18   4    35   21   51   2    33   47   22   24   41   0    32   14   23   17   29   48   14   17   25   29   25   30   31   1048 1023 1031 1042 1018 1034 998  1030 1053 1004 1017 1016 1017 1044 1036 1039 1035 1031 1017 1023 1026 1022 1023 1012 1050
391  394  405  368  448  372  409  406  405  391  385  427  403  397  391  387  348  410  395  416  371  424  418  381  373  451  482  476  497  467  488  468  490  472  484  465  455  471  482  452  483  454  459  483  457  434  456  475  443  472  871  816  872  831  860  841  866  844  844  861  853  840  803  858  868  858  861  837  886  872  860  870  868  860  845  32   32   63   50   39   30   58   71   17   56   19   32   0    37   30   14   31   77   25   19   21   3    8    59   24   1076 1051 1058 1069 1046 1061 1025 1057 1081 1031 1045 1043 1045 1071 1064 1066 1063 1058 1045 1051 1054 1049 1050 1039 1077
354  357  368  331  411  336  372  370  368  354  348  390  366  361  354  350  311  373  358  379  334  387  381  344  336  419  450  444  464  436  458  435  458  439  453  433  424  439  452  420  451  421  428  450  425  402  424  444  409  441  834  779  835  794  823  804  830  808  807  826  817  803  766  822  831  822  825  800  849  835  823  834  832  823  809  32   10   44   31   64   16   45   34   21   24   51   14   37   0    37   24   20   40   12   18   38   36   33   22   43   1039 1014 1021 1032 1009 1024 988  1020 1044 994  1008 1006 1008 1034 1027 1029 1026 1021 1008 1014 1017 1012 1013 1002 1040
383  387  398  360  441  367  401  400  397  383  379  421  396  391  383  379  341  404  388  408  365  418  410  373  367  455  486  480  500  472  494  471  493  475  489  469  461  474  488  456  486  457  464  486  461  437  460  481  445  477  853  798  854  815  842  823  848  826  826  842  834  823  785  840  849  841  843  820  869  854  841  853  850  842  827  6    27   36   27   29   21   30   70   33   42   27   23   30   37   0    21   46   69   31   29   10   26   22   52   11   1068 1043 1051 1062 1038 1054 1018 1050 1073 1024 1037 1036 1037 1063 1056 1059 1055 1050 1037 1043 1046 1042 1043 1032 1069
378  382  393  355  436  360  396  394  392  378  373  415  391  385  378  374  336  398  383  403  359  412  406  368  361  442  474  468  488  459  481  459  481  463  476  456  447  462  475  444  474  445  451  474  448  425  448  467  433  464  857  801  857  817  845  826  851  830  829  847  838  825  788  843  853  844  847  822  872  857  845  856  854  845  830  21   17   49   36   42   15   45   59   12   42   26   17   14   24   21   0    26   64   14   9    16   12   8    45   22   1063 1038 1046 1057 1033 1049 1013 1045 1068 1019 1032 1031 1032 1059 1051 1054 1050 1046 1033 1039 1042 1036 1038 1027 1065
362  365  377  340  419  342  380  377  377  363  356  397  375  368  362  358  320  381  366  388  342  394  390  352  343  419  450  444  465  435  457  436  458  441  452  433  423  439  450  421  451  422  427  452  425  403  424  444  411  440  849  794  849  808  838  819  845  823  822  841  833  817  781  836  846  836  839  814  863  849  838  849  847  838  823  44   25   64   50   68   30   63   43   15   44   50   29   31   20   46   26   0    55   15   18   43   32   32   39   49   1047 1022 1029 1040 1017 1032 996  1028 1052 1002 1016 1014 1016 1042 1035 1037 1034 1029 1016 1022 1025 1019 1021 1009 1048
314  318  329  291  372  298  332  331  328  314  309  352  327  322  314  310  272  335  319  339  295  348  342  304  298  388  419  412  432  404  427  403  425  406  422  401  394  407  422  388  418  388  398  417  393  369  393  414  376  411  794  739  795  754  783  764  790  768  768  786  778  763  727  782  792  782  785  759  809  795  784  794  792  783  769  63   46   52   47   99   51   59   18   61   27   90   48   77   40   69   64   55   0    52   58   74   76   72   18   79   999  974  982  993  969  985  949  981  1004 955  968  967  968  995  987  990  987  982  969  975  978  973  974  963  1001
365  368  380  343  423  347  383  381  380  366  359  402  378  372  365  361  323  385  370  391  345  398  393  355  347  428  459  453  474  445  466  445  467  449  461  442  433  448  460  429  460  431  437  460  434  411  433  453  419  450  847  792  847  807  835  816  842  820  820  838  829  815  779  834  843  834  837  812  861  847  835  846  844  836  821  29   11   49   35   56   15   48   45   9    34   40   14   25   12   31   14   15   52   0    6    30   24   21   34   36   1050 1025 1033 1044 1020 1036 1000 1031 1055 1006 1019 1018 1019 1046 1038 1041 1037 1033 1020 1026 1029 1023 1025 1014 1052
372  375  386  349  429  353  390  387  386  372  366  408  384  378  372  368  329  391  376  397  352  405  399  362  354  434  465  459  480  450  472  450  473  455  467  448  438  454  466  435  466  437  443  466  440  417  439  459  425  456  853  798  853  813  841  822  848  826  826  843  835  821  785  840  849  840  843  818  867  853  841  852  850  842  827  27   15   51   38   51   16   49   52   5    39   34   17   19   18   29   9    18   58   6    0    25   18   15   40   31   1057 1032 1039 1050 1027 1042 1006 1038 1062 1012 1026 1024 1026 1052 1045 1047 1044 1039 1026 1032 1035 1030 1031 1020 1058
389  393  403  366  447  372  407  405  403  389  384  427  401  397  389  385  346  409  394  414  370  423  416  379  372  457  488  482  502  474  496  473  496  477  491  471  462  477  490  458  489  459  466  488  463  440  462  482  447  479  862  806  863  823  850  831  856  834  834  851  843  831  794  848  858  849  852  828  877  863  850  861  858  851  835  14   28   46   35   26   23   40   72   28   48   17   25   21   38   10   16   43   74   30   25   0    18   14   56   6    1074 1049 1056 1067 1044 1059 1024 1055 1079 1030 1043 1042 1043 1069 1062 1065 1061 1056 1043 1049 1052 1047 1049 1038 1075
390  393  404  367  447  371  408  405  404  390  384  426  402  396  390  386  347  409  394  415  370  423  417  380  372  451  482  476  497  467  489  468  490  472  484  465  455  471  483  452  483  454  459  483  457  434  456  476  443  473  869  814  870  829  858  839  864  842  842  859  851  838  801  856  866  856  859  835  884  870  857  868  866  858  843  29   30   60   47   37   28   55   70   17   54   18   29   3    36   26   12   32   76   24   18   18   0    5    58   21   1075 1050 1057 1068 1045 1060 1024 1056 1080 1030 1044 1042 1044 1070 1063 1065 1062 1057 1044 1050 1053 1048 1049 1038 1076
387  390  401  364  444  369  405  403  401  387  381  423  399  394  387  383  344  406  391  412  367  420  414  377  369  450  481  475  495  466  488  466  489  471  483  464  454  469  482  451  482  452  458  482  455  433  455  475  441  471  865  810  865  825  853  834  860  838  837  855  847  834  797  852  861  852  855  831  880  865  853  864  862  854  839  24   26   55   42   36   23   50   67   17   50   18   25   8    33   22   8    32   72   21   15   14   5    0    54   18   1072 1047 1054 1065 1042 1057 1021 1053 1077 1027 1041 1039 1041 1067 1060 1062 1059 1054 1041 1047 1050 1045 1046 1035 1073
333  336  347  310  391  316  351  349  347  333  327  370  345  340  333  329  290  353  337  358  314  367  360  323  316  404  435  428  448  420  443  419  441  423  437  417  410  423  437  404  435  405  413  434  409  385  409  429  393  426  812  757  812  772  801  782  807  785  785  803  795  781  744  799  809  799  802  777  827  812  801  811  810  801  786  46   28   41   33   81   32   46   20   43   13   72   30   59   22   52   45   39   18   34   40   56   58   54   0    61   1018 993  1000 1011 988  1003 967  999  1023 973  987  985  987  1013 1006 1008 1005 1000 987  993  996  991  992  982  1019
394  398  408  371  452  377  412  410  408  393  389  432  406  402  394  390  351  415  399  418  375  428  421  383  378  463  494  488  508  479  501  479  501  483  496  477  468  482  495  464  495  465  472  494  469  445  468  488  453  485  865  809  866  826  853  834  859  837  837  854  846  835  797  852  861  852  855  832  881  866  853  864  861  854  839  17   34   48   38   20   29   41   78   34   53   16   31   24   43   11   22   49   79   36   31   6    21   18   61   0    1079 1054 1061 1072 1049 1064 1029 1060 1084 1034 1048 1047 1047 1074 1067 1069 1066 1061 1048 1054 1057 1052 1053 1043 1080
685  682  670  708  627  705  667  669  671  685  691  650  672  679  685  689  727  666  680  660  705  653  657  695  704  682  659  656  633  669  665  661  638  647  660  664  692  661  672  673  647  665  682  637  675  681  674  670  667  673  400  436  391  389  416  424  430  443  434  465  460  391  435  419  433  403  419  384  379  384  435  407  435  412  424  1061 1046 1039 1042 1097 1050 1047 1005 1058 1025 1090 1048 1076 1039 1068 1063 1047 999  1050 1057 1074 1075 1072 1018 1079 0    25   31   12   31   26   60   33   7    52   33   57   31   9    13   17   23   23   31   27   23   47   28   64   1   
660  657  645  683  602  680  642  644  646  660  666  625  647  653  660  664  702  641  655  635  680  627  632  670  679  656  634  630  608  643  639  636  612  621  635  638  667  636  647  647  622  639  657  611  650  655  649  645  642  647  388  421  378  374  404  410  418  430  421  454  448  377  419  407  421  390  407  370  367  372  423  395  424  400  411  1037 1021 1014 1017 1072 1025 1022 980  1033 1000 1065 1023 1051 1014 1043 1038 1022 974  1025 1032 1049 1050 1047 993  1054 25   0    21   19   6    19   38   22   31   29   9    42   6    20   13   18   18   12   12   6    4    33   7    48   26  
667  664  653  690  609  686  649  651  654  668  673  631  655  660  667  671  710  648  663  643  687  634  640  677  686  658  635  632  609  645  640  637  614  624  636  640  668  637  648  649  623  642  658  613  652  658  651  646  645  649  409  441  399  394  425  430  439  450  441  474  468  397  439  427  442  411  427  389  388  392  444  416  444  420  431  1044 1029 1022 1025 1080 1033 1031 987  1040 1008 1072 1031 1058 1021 1051 1046 1029 982  1033 1039 1056 1057 1054 1000 1061 31   21   0    19   20   5    34   2    38   27   19   26   23   22   20   14   8    10   33   15   18   16   15   33   32  
678  675  664  701  621  698  660  663  664  679  684  643  666  672  678  682  721  659  674  654  698  646  651  688  697  673  650  647  624  660  655  652  629  638  651  655  683  652  663  664  638  656  673  628  667  672  666  661  659  664  404  438  394  391  420  427  434  446  437  469  463  394  437  423  437  406  423  387  383  387  439  411  439  416  427  1055 1040 1033 1036 1091 1044 1041 998  1052 1019 1083 1042 1069 1032 1062 1057 1040 993  1044 1050 1067 1068 1065 1011 1072 12   19   19   0    23   14   50   21   19   41   24   45   25   3    7    5    11   12   29   18   15   35   19   52   13  
655  651  640  677  597  675  637  639  640  655  661  619  642  648  655  659  697  636  650  630  674  622  627  665  674  650  628  624  602  637  633  630  606  615  629  632  661  630  641  641  616  633  651  605  644  649  643  639  636  641  388  420  378  373  404  410  418  429  420  453  447  376  418  407  421  390  406  369  367  371  423  395  423  399  411  1031 1016 1009 1012 1067 1020 1017 975  1028 995  1060 1018 1046 1009 1038 1033 1017 969  1020 1027 1044 1045 1042 988  1049 31   6    20   23   0    20   32   21   37   23   3    37   2    25   18   21   20   14   14   6    8    29   6    43   32  
670  667  656  693  612  689  652  654  656  671  676  634  658  663  670  674  713  651  666  646  690  637  643  680  689  662  639  636  613  649  644  641  618  627  640  644  672  641  652  653  627  645  662  617  656  662  655  650  649  653  408  440  398  393  423  429  438  449  440  473  467  396  438  426  440  409  426  389  386  391  442  414  443  419  430  1047 1032 1025 1028 1083 1036 1033 990  1043 1011 1075 1034 1061 1024 1054 1049 1032 985  1036 1042 1059 1060 1057 1003 1064 26   19   5    14   20   0    38   7    33   30   19   31   22   17   15   9    3    6    31   14   15   21   14   38   27  
634  631  620  658  576  653  616  618  621  635  640  598  622  627  634  639  677  615  630  610  654  601  608  645  652  624  601  598  575  611  606  603  580  589  602  606  634  603  614  615  589  607  624  579  618  624  617  612  611  615  396  425  386  378  411  416  426  436  427  462  455  381  422  414  429  397  414  374  376  379  431  403  432  407  417  1012 996  990  992  1047 1000 998  954  1007 975  1039 998  1025 988  1018 1013 996  949  1000 1006 1024 1024 1021 967  1029 60   38   34   50   32   38   0    32   67   9    29   22   33   52   47   45   40   37   43   33   38   24   32   23   62  
666  663  652  689  608  685  648  650  652  667  672  630  654  659  666  670  709  647  661  642  686  633  639  676  684  656  633  630  608  643  638  636  612  622  635  639  666  636  646  648  622  640  657  612  650  656  649  644  643  647  410  441  400  394  425  431  440  451  442  475  469  397  439  428  442  411  428  390  388  393  444  416  445  421  432  1043 1027 1021 1024 1079 1032 1030 986  1039 1007 1071 1030 1057 1020 1050 1045 1028 981  1031 1038 1055 1056 1053 999  1060 33   22   2    21   21   7    32   0    40   25   19   24   23   24   22   16   10   11   34   16   19   14   16   31   34  
690  687  675  713  632  710  672  674  676  690  696  655  677  684  690  694  732  671  686  665  710  658  662  700  709  688  665  662  640  675  671  667  644  653  667  670  698  667  679  679  653  671  688  643  682  687  681  677  673  679  400  436  390  389  416  423  430  442  434  465  459  391  435  419  432  403  419  385  378  384  435  406  435  412  424  1066 1051 1043 1047 1102 1055 1052 1010 1063 1030 1095 1053 1081 1044 1073 1068 1052 1004 1055 1062 1079 1080 1077 1023 1084 7    31   38   19   37   33   67   40   0    58   39   64   38   16   20   24   30   30   35   34   29   54   34   71   6   
640  637  626  663  582  659  622  624  627  641  646  604  628  633  640  644  683  621  636  616  660  607  614  650  659  632  609  605  583  618  614  611  587  597  610  614  642  611  622  623  597  615  632  587  625  631  624  620  618  622  394  424  384  377  409  414  424  434  425  460  453  380  421  412  427  395  412  372  374  377  429  401  430  405  416  1017 1002 995  998  1053 1006 1004 960  1013 981  1045 1004 1031 994  1024 1019 1002 955  1006 1012 1030 1030 1027 973  1034 52   29   27   41   23   30   9    25   58   0    20   22   24   44   38   37   32   29   34   25   29   21   24   26   53  
654  650  639  677  596  673  636  638  640  654  660  618  641  647  654  658  696  635  649  629  673  621  626  664  672  648  626  622  600  636  631  628  604  614  627  631  659  628  639  640  614  631  649  603  642  648  641  637  634  640  390  422  380  375  405  411  420  431  422  455  449  378  420  408  423  391  408  370  369  373  425  397  425  401  412  1031 1015 1008 1011 1066 1019 1017 974  1027 994  1059 1017 1045 1008 1037 1032 1016 968  1019 1026 1043 1044 1041 987  1048 33   9    19   24   3    19   29   19   39   20   0    34   5    26   20   21   19   13   17   6    10   26   5    40   34  
652  649  638  676  594  671  634  636  639  654  658  616  640  645  653  657  695  632  648  629  672  619  626  663  670  638  614  612  589  625  619  618  594  604  616  620  648  617  627  630  603  622  638  594  632  639  631  625  626  628  417  446  407  399  432  437  447  457  448  483  476  403  443  435  450  418  435  395  397  400  451  424  453  428  438  1030 1014 1008 1011 1066 1018 1017 972  1025 994  1057 1016 1043 1006 1036 1031 1014 967  1018 1024 1042 1042 1039 985  1047 57   42   26   45   37   31   22   24   64   22   34   0    39   48   45   40   34   34   51   35   40   10   34   7    58  
654  650  639  676  596  674  636  638  639  654  660  618  641  647  654  658  696  635  649  629  673  621  626  664  673  650  627  624  602  637  633  629  606  615  629  632  660  629  641  641  615  633  650  605  644  649  643  639  635  641  386  418  376  371  401  407  416  427  418  451  445  374  416  404  419  388  404  367  365  369  421  393  421  397  408  1030 1015 1008 1011 1066 1019 1016 974  1027 994  1059 1017 1045 1008 1037 1032 1016 968  1019 1026 1043 1044 1041 987  1047 31   6    23   25   2    22   33   23   38   24   5    39   0    26   19   23   22   16   12   8    9    31   8    45   33  
680  677  666  703  623  700  662  664  666  680  686  645  668  674  680  684  723  661  676  655  700  648  653  690  699  675  652  649  627  662  658  655  631  640  654  657  686  654  666  666  640  658  676  630  669  674  668  664  661  666  403  438  393  391  419  426  433  445  436  468  463  393  436  422  436  406  422  386  382  387  438  410  438  415  427  1057 1042 1034 1038 1093 1046 1043 1000 1054 1021 1085 1044 1071 1034 1063 1059 1042 995  1046 1052 1069 1070 1067 1013 1074 9    20   22   3    25   17   52   24   16   44   26   48   26   0    7    8    14   15   29   20   17   38   21   55   10  
673  670  658  696  615  693  655  657  659  673  679  638  660  666  673  677  715  654  668  648  693  640  645  683  692  668  646  642  620  656  651  648  624  634  647  651  679  648  659  659  634  651  669  623  662  668  661  657  654  660  397  431  387  384  413  420  427  439  430  462  457  387  430  416  430  399  416  380  376  381  432  404  432  409  421  1050 1034 1027 1030 1085 1038 1035 993  1046 1013 1078 1036 1064 1027 1056 1051 1035 987  1038 1045 1062 1063 1060 1006 1067 13   13   20   7    18   15   47   22   20   38   20   45   19   7    0    8    13   11   22   13   9    35   14   52   14  
675  672  661  698  618  695  657  660  661  676  681  640  663  669  675  679  718  656  671  651  695  643  648  685  694  669  646  643  620  656  651  648  625  634  647  651  679  648  659  660  634  652  669  624  663  668  662  657  655  660  405  439  395  392  421  427  435  447  438  470  465  394  437  424  438  407  424  387  384  389  440  412  440  417  428  1052 1037 1030 1033 1088 1041 1038 995  1049 1016 1080 1039 1066 1029 1059 1054 1037 990  1041 1047 1065 1065 1062 1008 1069 17   18   14   5    21   9    45   16   24   37   21   40   23   8    8    0    6    8    29   15   14   30   16   47   18  
672  669  657  695  614  691  654  656  658  672  678  636  659  665  672  676  714  653  667  647  692  639  645  682  690  664  641  638  616  651  646  644  620  630  643  646  674  643  654  655  629  648  664  619  658  664  657  652  651  655  407  440  397  393  422  429  437  448  439  472  466  395  438  425  439  409  425  388  386  390  441  413  442  418  430  1049 1033 1027 1030 1085 1038 1035 992  1045 1013 1077 1035 1063 1026 1055 1050 1034 987  1037 1044 1061 1062 1059 1005 1066 23   18   8    11   20   3    40   10   30   32   19   34   22   14   13   6    0    6    30   14   14   24   14   41   24  
667  664  652  690  609  687  649  651  653  667  673  631  654  660  667  671  709  648  663  642  687  634  640  677  686  660  638  634  612  647  643  640  616  626  639  643  671  640  651  652  626  644  661  616  654  660  653  649  647  651  401  434  391  387  417  423  431  442  433  466  460  389  432  420  434  403  419  382  380  384  436  408  436  412  424  1044 1028 1022 1025 1080 1033 1030 987  1040 1008 1072 1031 1058 1021 1050 1046 1029 982  1033 1039 1056 1057 1054 1000 1061 23   12   10   12   14   6    37   11   30   29   13   34   16   15   11   8    6    0    24   8    8    24   8    41   24  
654  651  639  677  597  675  636  639  640  654  660  619  641  648  654  658  696  636  650  629  674  622  627  664  674  654  631  628  606  641  637  633  610  618  633  636  664  633  645  644  619  636  654  608  647  652  646  643  639  645  376  410  366  363  392  398  406  418  409  442  436  365  408  395  409  378  395  358  355  360  411  383  412  388  399  1031 1015 1008 1011 1066 1020 1016 974  1028 994  1059 1017 1045 1008 1037 1033 1016 969  1020 1026 1043 1044 1041 987  1048 31   12   33   29   14   31   43   34   35   34   17   51   12   29   22   29   30   24   0    18   15   43   18   57   32  
660  657  645  683  602  680  642  644  646  660  666  625  647  653  660  664  702  641  656  635  680  627  633  670  679  655  632  629  606  642  638  634  611  620  633  637  665  634  645  646  620  638  655  610  648  654  647  643  641  646  394  426  384  379  409  415  424  435  426  459  453  382  424  412  426  395  412  374  372  377  428  400  429  405  416  1037 1021 1014 1018 1073 1026 1023 980  1033 1001 1065 1023 1051 1014 1043 1039 1022 975  1026 1032 1049 1050 1047 993  1054 27   6    15   18   6    14   33   16   34   25   6    35   8    20   13   15   14   8    18   0    5    26   1    42   28  
663  660  648  686  605  683  645  647  649  663  669  628  650  657  663  667  705  644  659  638  683  630  636  673  682  659  636  633  610  646  642  638  615  624  637  641  669  638  649  650  624  642  659  614  652  658  651  647  644  650  392  425  382  378  408  414  422  434  425  457  452  381  423  411  425  394  411  374  371  375  427  399  427  404  415  1040 1024 1017 1020 1075 1029 1026 983  1036 1004 1068 1026 1054 1017 1046 1042 1025 978  1029 1035 1052 1053 1050 996  1057 23   4    18   15   8    15   38   19   29   29   10   40   9    17   9    14   14   8    15   5    0    31   6    47   24  
658  654  644  682  600  677  640  642  645  659  664  622  646  651  658  662  701  638  653  634  677  625  632  668  676  646  622  619  597  632  627  625  601  611  623  628  655  625  635  637  611  630  646  601  639  646  639  633  633  636  414  444  404  397  429  434  444  454  445  479  473  400  441  432  447  415  432  393  393  397  448  420  449  425  435  1035 1019 1013 1016 1071 1024 1022 978  1031 999  1063 1022 1049 1012 1042 1036 1019 973  1023 1030 1047 1048 1045 991  1052 47   33   16   35   29   21   24   14   54   21   26   10   31   38   35   30   24   24   43   26   31   0    26   17   48  
659  656  645  682  602  679  641  644  645  660  665  624  647  653  659  663  702  640  655  635  679  627  632  669  678  654  631  628  606  641  637  633  610  619  633  636  664  633  644  645  619  637  654  609  648  653  647  642  640  645  394  426  384  379  409  415  424  435  426  459  453  382  424  412  427  396  412  375  373  377  428  400  429  405  416  1036 1021 1014 1017 1072 1025 1022 979  1033 1000 1064 1023 1050 1013 1043 1038 1021 974  1025 1031 1049 1049 1046 992  1053 28   7    15   19   6    14   32   16   34   24   5    34   8    21   14   16   14   8    18   1    6    26   0    41   29  
649  645  635  672  591  667  631  632  636  650  654  612  636  641  649  653  691  628  644  625  668  615  623  659  666  633  609  606  584  619  614  612  588  599  610  615  642  612  621  625  598  617  633  588  627  634  626  620  621  623  419  448  409  401  434  439  450  459  450  485  478  404  445  437  452  420  437  397  399  402  454  426  455  430  440  1026 1010 1004 1007 1062 1014 1013 968  1021 990  1053 1012 1039 1002 1032 1027 1009 963  1014 1020 1038 1038 1035 982  1043 64   48   33   52   43   38   23   31   71   26   40   7    45   55   52   47   41   41   57   42   47   17   41   0    65  
686  683  672  709  629  707  668  671  672  686  692  651  674  680  686  690  729  667  682  661  706  654  659  696  706  683  660  657  635  670  666  662  639  648  662  665  694  662  674  674  648  666  684  638  677  682  676  672  669  674  401  437  391  390  417  424  431  443  435  466  461  392  435  420  433  404  420  385  379  385  436  408  436  413  425  1063 1048 1040 1043 1099 1052 1049 1006 1060 1027 1091 1050 1077 1040 1069 1065 1048 1001 1052 1058 1075 1076 1073 1019 1080 1    26   32   13   32   27   62   34   6    53   34   58   33   10   14   18   24   24   32   28   24   48   29   65   0   
0          5077
119        196
277        310
147        265
71         80
398        504
121        160
0          43
133        171
295        346
268        368
16         57
115        174
0          32
148        227
230        327
154        288
0          52
0          36
528        565
288        406
381        416
109        148
153        261
285        388
3125       3242
3219       3279
3348       3405
3562       3597
3230       3312
3467       3551
3265       3339
3386       3418
3085       3145
3170       3225
3253       3333
3273       3380
3258       3327
3173       3245
3129       3221
3379       3428
3093       3175
3145       3239
3415       3449
3123       3245
3463       3532
3270       3370
3173       3254
3126       3197
3144       3232
1984       2015
2275       2399
1984       2014
2328       2402
2031       2090
2064       2174
2177       2228
2095       2188
2056       2162
2481       2552
2140       2223
1879       1962
2497       2635
2049       2099
2177       2233
1923       1990
2172       2236
1881       1958
2016       2025
2198       2246
2157       2227
2026       2057
2277       2343
2037       2090
2046       2130
4093       4188
4138       4175
4345       4391
4034       4092
4292       4330
4152       4219
4029       4130
3996       4036
4218       4290
4058       4133
4430       4468
4198       4235
4269       4350
4120       4216
4118       4219
4188       4272
4560       4602
3959       4084
4182       4275
4201       4221
4137       4191
4202       4269
4197       4272
4472       4599
4252       4381
1498       1613
1182       1195
1317       1434
1265       1305
1145       1240
1275       1351
1387       1422
1297       1396
1250       1319
1084       1215
1113       1191
1388       1405
1400       1502
1167       1282
1162       1248
1208       1243
1163       1269
1180       1228
1229       1293
1163       1193
1196       1238
1314       1394
1148       1239
1448       1546
1258       1341
