75
0    8    16   27   58   200  181  190  165  156  495  522  522  503  511  376  415  353  367  349  648  674  690  658  650  417  415  403  391  414  446  426  449  432  442  323  322  329  348  310  527  527  494  528  507  504  484  467  516  467  316  348  323  366  316  480  480  463  471  449  206  189  151  206  217  447  429  480  461  461  187  167  193  165  167 
8    0    19   34   54   193  173  182  157  148  497  523  524  505  513  380  418  356  371  353  645  671  687  655  646  413  410  398  386  410  440  421  444  427  436  316  314  322  341  303  530  531  498  531  511  510  489  472  522  472  311  344  317  360  311  473  474  456  464  442  208  188  151  207  218  439  421  472  453  453  195  174  201  172  175 
16   19   0    38   45   207  185  193  168  160  479  505  506  487  495  391  429  367  382  362  634  660  676  643  636  432  429  417  404  429  435  415  438  420  431  316  316  322  343  303  511  512  479  512  492  492  471  454  504  453  329  363  336  379  329  473  472  456  464  440  190  173  134  190  201  451  432  484  464  465  181  159  186  158  162 
27   34   38   0    83   219  204  211  187  177  505  533  531  513  520  353  391  330  345  325  672  697  713  681  674  418  418  405  394  416  472  453  475  458  468  350  348  356  375  337  531  530  498  532  510  499  480  465  512  464  321  350  328  370  319  507  507  490  498  476  218  209  168  222  231  468  449  500  483  483  173  155  179  151  151 
58   54   45   83   0    194  163  172  146  142  457  480  484  464  473  434  473  410  425  407  590  617  633  600  592  445  440  429  414  441  390  369  392  375  385  272  275  278  301  260  498  500  466  499  480  494  472  453  506  453  337  376  342  387  340  429  428  412  420  395  170  137  105  161  174  427  408  461  437  439  208  182  211  183  191 
200  193  207  219  194  0    46   39   56   52   623  638  650  628  641  458  491  424  444  439  649  678  700  665  647  295  279  272  252  285  391  389  413  402  393  238  216  242  242  227  678  684  649  680  663  688  665  645  699  645  178  232  180  224  188  375  388  366  371  366  351  291  283  329  347  251  233  281  269  267  388  367  393  365  368 
181  173  185  204  163  46   0    9    17   27   578  593  605  583  596  479  513  447  465  458  606  634  656  621  604  341  326  319  299  332  352  347  372  360  353  201  183  205  210  189  636  643  608  638  622  653  629  608  664  609  225  278  226  271  234  346  356  335  341  332  311  247  243  287  305  266  247  299  279  280  366  343  370  342  347 
190  182  193  211  172  39   9    0    26   34   587  602  614  592  605  481  515  448  467  460  610  639  660  626  608  335  319  312  292  325  355  351  375  364  356  202  183  207  210  191  645  653  617  647  631  663  638  618  674  618  218  272  219  263  228  345  356  335  340  333  321  257  252  296  315  257  239  290  271  271  375  352  379  351  356 
165  157  168  187  146  56   17   26   0    14   567  582  594  572  585  469  504  437  456  447  606  634  655  620  604  347  333  325  306  338  356  350  374  362  357  207  191  211  219  195  623  629  594  625  608  637  613  593  648  593  231  282  233  278  239  355  364  343  349  339  297  235  228  274  292  283  264  316  296  297  349  326  353  325  330 
156  148  160  177  142  52   27   34   14   0    572  588  599  577  590  454  489  422  441  432  618  647  667  633  617  338  325  317  298  330  371  364  388  375  371  221  206  226  234  209  626  632  596  627  610  636  612  592  647  593  222  272  225  270  230  370  379  358  364  353  299  240  230  277  295  291  272  324  305  305  342  319  347  318  322 
495  497  479  505  457  623  578  587  567  572  0    43   27   13   18   817  853  805  814  786  412  420  416  402  423  901  893  883  866  895  470  433  434  417  457  509  540  512  545  505  104  133  110  109  118  270  243  220  266  223  789  832  793  839  794  582  557  560  569  527  288  332  351  297  282  781  765  818  775  784  421  408  412  418  434 
522  523  505  533  480  638  593  602  582  588  43   0    39   30   47   852  889  839  849  821  377  383  377  365  389  921  912  902  885  915  457  421  419  404  445  509  541  512  545  507  138  168  150  143  156  311  284  263  307  266  808  853  812  857  814  571  545  550  558  516  315  350  374  319  305  785  770  822  777  787  458  444  450  454  470 
522  524  506  531  484  650  605  614  594  599  27   39   0    23   12   841  878  830  838  810  417  423  417  405  428  928  920  910  893  922  489  452  452  436  477  533  564  536  569  530  98   128  112  103  118  273  248  227  269  230  816  859  820  866  821  602  577  581  589  547  315  359  378  325  309  806  791  843  800  809  444  432  436  443  458 
503  505  487  513  464  628  583  592  572  577  13   30   23   0    22   828  864  816  825  796  402  409  405  391  413  907  899  889  872  901  466  429  429  414  454  509  541  512  545  506  113  142  121  118  129  282  255  233  278  236  795  839  799  844  800  579  554  557  566  524  296  337  358  304  289  782  767  820  776  785  432  419  424  429  445 
511  513  495  520  473  641  596  605  585  590  18   47   12   22   0    829  865  818  826  797  422  430  424  412  434  918  910  900  884  912  487  450  451  435  475  528  559  531  564  524  92   122  103  97   109  264  238  217  260  220  807  849  811  856  811  600  575  578  587  545  305  350  368  315  299  800  784  837  794  803  432  420  423  430  445 
376  380  391  353  434  458  479  481  469  454  817  852  841  828  829  0    38   35   16   31   1025 1051 1067 1034 1027 398  422  409  418  410  812  797  821  805  810  672  660  677  688  659  813  801  777  812  786  714  707  703  728  701  396  369  406  415  380  824  832  812  818  804  551  560  516  567  572  674  659  692  701  694  398  409  407  398  383 
415  418  429  391  473  491  513  515  504  489  853  889  878  864  865  38   0    66   48   68   1063 1089 1105 1072 1065 413  439  426  436  425  850  835  859  843  847  708  696  714  723  696  848  835  812  847  821  745  739  735  759  733  420  389  430  436  404  860  868  847  854  841  589  599  555  605  610  703  688  719  730  722  434  445  442  435  419 
353  356  367  330  410  424  447  448  437  422  805  839  830  816  818  35   66   0    20   39   1001 1027 1043 1011 1002 364  388  375  383  376  784  770  794  778  782  642  629  647  656  629  806  795  770  805  780  714  706  700  728  698  360  333  370  380  344  793  801  781  787  774  534  539  496  548  553  639  624  657  666  659  389  398  399  388  373 
367  371  382  345  425  444  465  467  456  441  814  849  838  825  826  16   48   20   0    33   1016 1042 1058 1026 1018 382  406  393  402  394  801  787  810  794  799  660  647  665  675  647  812  801  776  811  786  716  709  704  730  702  380  352  390  399  364  811  819  799  805  792  546  553  509  560  565  659  644  677  686  679  396  406  405  396  381 
349  353  362  325  407  439  458  460  447  432  786  821  810  796  797  31   68   39   33   0    997  1022 1038 1005 999  400  423  409  416  411  787  771  795  779  785  649  638  654  665  636  782  770  746  781  755  683  677  672  698  670  389  365  399  411  374  802  809  789  795  781  521  531  487  537  541  662  646  681  688  681  366  377  375  367  352 
648  645  634  672  590  649  606  610  606  618  412  377  417  402  422  1025 1063 1001 1016 997  0    28   53   23   13   938  918  913  892  927  276  265  243  249  269  422  453  420  436  429  514  544  521  520  530  678  649  624  676  627  824  880  823  864  836  365  335  354  357  329  501  468  514  472  475  666  659  697  645  659  692  668  688  677  693 
674  671  660  697  617  678  634  639  634  647  420  383  423  409  430  1051 1089 1027 1042 1022 28   0    27   19   35   967  947  942  920  955  304  294  271  278  298  450  481  448  465  458  521  552  530  526  538  688  659  635  686  638  853  909  852  892  865  392  362  381  384  357  524  492  539  495  497  694  687  724  673  686  714  690  709  699  716 
690  687  676  713  633  700  656  660  655  667  416  377  417  405  424  1067 1105 1043 1058 1038 53   27   0    34   62   990  970  965  943  978  329  317  296  301  323  474  505  472  489  481  515  546  526  520  534  685  657  633  682  636  875  931  875  915  887  418  389  408  411  383  535  507  553  508  509  720  712  751  699  712  724  700  719  710  727 
658  655  643  681  600  665  621  626  620  633  402  365  405  391  412  1034 1072 1011 1026 1005 23   19   34   0    35   955  935  930  909  944  296  283  262  267  289  440  471  438  455  447  503  534  512  508  520  669  641  617  667  620  841  896  840  881  852  387  357  376  379  351  505  475  521  478  479  687  679  718  666  680  696  671  691  681  697 
650  646  636  674  592  647  604  608  604  617  423  389  428  413  434  1027 1065 1002 1018 999  13   35   62   35   0    935  914  910  888  923  270  261  238  245  264  418  448  415  431  425  526  556  533  531  542  688  659  635  687  637  821  877  820  860  833  356  327  346  349  322  506  471  518  477  480  659  652  689  637  651  698  673  693  682  698 
417  413  432  418  445  295  341  335  347  338  901  921  928  907  918  398  413  364  382  400  938  967  990  955  935  0    31   27   49   16   670  674  697  689  674  518  489  520  510  509  943  944  911  944  924  916  898  883  929  882  116  69   115  75   108  626  646  623  625  633  616  571  550  603  619  364  356  364  395  383  578  567  586  561  555 
415  410  429  418  440  279  326  319  333  325  893  912  920  899  910  422  439  388  406  423  918  947  970  935  914  31   0    14   27   15   648  653  676  669  652  496  467  498  487  488  938  940  906  939  919  917  898  882  930  882  103  70   100  55   100  600  621  598  600  609  610  561  543  595  611  333  326  333  365  353  581  570  589  564  559 
403  398  417  405  429  272  319  312  325  317  883  902  910  889  900  409  426  375  393  409  913  942  965  930  910  27   14   0    22   13   644  649  672  664  648  492  463  494  483  484  927  928  895  928  908  905  886  870  918  870  94   56   92   49   89   599  619  596  598  606  599  552  532  585  601  337  329  338  369  357  568  557  576  551  546 
391  386  404  394  414  252  299  292  306  298  866  885  893  872  884  418  436  383  402  416  892  920  943  909  888  49   27   22   0    35   622  627  650  642  626  470  441  472  461  462  912  914  880  913  894  894  874  858  906  858  77   53   73   28   74   576  596  574  576  584  584  535  517  569  585  316  307  318  347  335  559  547  567  541  537 
414  410  429  416  441  285  332  325  338  330  895  915  922  901  912  410  425  376  394  411  927  955  978  944  923  16   15   13   35   0    657  662  685  677  661  505  476  508  496  497  939  940  907  940  920  915  896  881  928  880  107  66   105  62   101  611  632  609  611  619  611  564  545  597  613  347  340  348  379  367  578  567  586  561  556 
446  440  435  472  390  391  352  355  356  371  470  457  489  466  487  812  850  784  801  787  276  304  329  296  270  670  648  644  622  657  0    37   41   52   12   154  181  150  161  164  567  590  556  572  570  679  648  622  683  624  558  615  556  595  572  114  88   95   103  62   379  311  355  339  352  393  384  425  373  386  554  526  553  533  547 
426  421  415  453  369  389  347  351  350  364  433  421  452  429  450  797  835  770  787  771  265  294  317  283  261  674  653  649  627  662  37   0    24   19   25   156  187  154  172  164  530  553  519  534  532  641  611  585  646  587  561  617  559  599  573  150  124  129  137  96   347  282  327  307  320  413  403  447  396  408  526  498  524  505  519 
449  444  438  475  392  413  372  375  374  388  434  419  452  429  451  821  859  794  810  795  243  271  296  262  238  697  676  672  650  685  41   24   0    20   30   179  209  177  193  188  533  556  523  537  536  650  619  594  654  596  584  640  583  622  597  155  127  136  143  103  364  301  346  325  336  430  421  463  412  425  545  517  543  524  539 
432  427  420  458  375  402  360  364  362  375  417  404  436  414  435  805  843  778  794  779  249  278  301  267  245  689  669  664  642  677  52   19   20   0    40   173  204  171  190  180  516  539  505  520  519  631  600  574  635  576  575  632  574  615  588  167  140  147  155  113  344  281  327  304  316  432  422  466  415  427  525  497  523  504  519 
442  436  431  468  385  393  353  356  357  371  457  445  477  454  475  810  847  782  799  785  269  298  323  289  264  674  652  648  626  661  12   25   30   40   0    156  185  153  167  166  555  578  545  560  558  667  637  611  672  613  562  618  560  599  575  127  100  107  115  74   371  303  348  330  343  401  392  434  382  395  547  519  545  526  540 
323  316  316  350  272  238  201  202  207  221  509  509  533  509  528  672  708  642  660  649  422  450  474  440  418  518  496  492  470  505  154  156  179  173  156  0    34   6    38   13   592  609  573  596  587  665  636  612  672  613  405  462  403  442  418  157  160  141  148  132  325  245  276  285  304  278  264  314  268  278  466  438  467  442  453 
322  314  316  348  275  216  183  183  191  206  540  541  564  541  559  660  696  629  647  638  453  481  505  471  448  489  467  463  441  476  181  187  209  204  185  34   0    33   27   34   622  637  601  625  615  689  660  636  696  637  378  435  375  414  391  163  172  151  157  150  345  265  292  306  325  244  231  281  235  245  475  447  476  451  461 
329  322  322  356  278  242  205  207  211  226  512  512  536  512  531  677  714  647  665  654  420  448  472  438  415  520  498  494  472  508  150  154  177  171  153  6    33   0    33   19   596  613  577  600  591  670  641  617  677  618  408  465  406  445  421  151  154  135  142  127  331  251  282  291  309  276  263  312  265  276  472  444  473  448  459 
348  341  343  375  301  242  210  210  219  234  545  545  569  545  564  688  723  656  675  665  436  465  489  455  431  510  487  483  461  496  161  172  193  190  167  38   27   33   0    47   630  647  611  633  625  703  675  650  711  651  400  457  397  434  414  136  146  125  130  125  363  283  312  323  341  247  235  282  234  245  499  471  500  475  485 
310  303  303  337  260  227  189  191  195  209  505  507  530  506  524  659  696  629  647  636  429  458  481  447  425  509  488  484  462  497  164  164  188  180  166  13   34   19   47   0    587  603  567  590  581  657  628  604  664  605  396  453  395  434  409  170  173  154  161  144  315  235  265  276  294  278  265  315  270  280  454  426  455  430  441 
527  530  511  531  498  678  636  645  623  626  104  138  98   113  92   813  848  806  812  782  514  521  515  503  526  943  938  927  912  939  567  530  533  516  555  592  622  596  630  587  0    31   35   5    29   181  159  143  175  146  835  874  840  885  838  677  654  656  665  623  328  388  396  349  330  857  841  895  854  862  416  410  407  420  433 
527  531  512  530  500  684  643  653  629  632  133  168  128  142  122  801  835  795  801  770  544  552  546  534  556  944  940  928  914  940  590  553  556  539  578  609  637  613  647  603  31   0    36   26   21   151  131  117  144  120  838  875  843  888  840  699  676  677  686  644  333  397  401  356  337  870  853  908  868  875  406  402  397  411  424 
494  498  479  498  466  649  608  617  594  596  110  150  112  121  103  777  812  770  776  746  521  530  526  512  533  911  906  895  880  907  556  519  523  505  545  573  601  577  611  567  35   36   0    34   14   161  135  116  157  119  804  842  809  854  806  664  642  643  652  610  298  361  366  321  302  834  817  871  832  839  380  374  371  384  397 
528  531  512  532  499  680  638  647  625  627  109  143  103  118  97   812  847  805  811  781  520  526  520  508  531  944  939  928  913  940  572  534  537  520  560  596  625  600  633  590  5    26   34   0    26   177  155  139  170  142  836  875  842  886  839  681  658  660  669  627  330  391  398  351  332  860  843  898  857  865  415  409  406  419  432 
507  511  492  510  480  663  622  631  608  610  118  156  118  129  109  786  821  780  786  755  530  538  534  520  542  924  919  908  894  920  570  532  536  519  558  587  615  591  625  581  29   21   14   26   0    156  132  115  151  118  817  855  823  867  819  678  656  656  665  623  312  375  380  335  316  848  831  886  846  854  390  385  381  395  407 
504  510  492  499  494  688  653  663  637  636  270  311  273  282  264  714  745  714  716  683  678  688  685  669  688  916  917  905  894  915  679  641  650  631  667  665  689  670  703  657  181  151  161  177  156  0    30   56   14   54   820  849  827  869  819  779  760  757  766  726  349  427  414  384  365  903  885  940  906  912  343  349  334  356  364 
484  489  471  480  472  665  629  638  613  612  243  284  248  255  238  707  739  706  709  677  649  659  657  641  659  898  898  886  874  896  648  611  619  600  637  636  660  641  675  628  159  131  135  155  132  30   0    25   36   23   800  830  807  850  799  749  730  727  736  696  322  399  388  357  337  876  859  914  879  885  329  333  320  341  350 
467  472  454  465  453  645  608  618  593  592  220  263  227  233  217  703  735  700  704  672  624  635  633  617  635  883  882  870  858  881  622  585  594  574  611  612  636  617  650  604  143  117  116  139  115  56   25   0    60   3    783  815  790  833  783  723  704  701  710  670  300  376  367  334  314  854  837  891  857  862  318  321  309  329  339 
516  522  504  512  506  699  664  674  648  647  266  307  269  278  260  728  759  728  730  698  676  686  682  667  687  929  930  918  906  928  683  646  654  635  672  672  696  677  711  664  175  144  157  170  151  14   36   60   0    59   833  862  840  882  832  784  765  762  771  731  358  436  424  393  373  912  895  949  915  921  357  363  348  370  378 
467  472  453  464  453  645  609  618  593  593  223  266  230  236  220  701  733  698  702  670  627  638  636  620  637  882  882  870  858  880  624  587  596  576  613  613  637  618  651  605  146  120  119  142  118  54   23   3    59   0    783  814  790  833  783  725  706  703  712  672  301  377  367  335  315  855  837  892  857  863  317  320  308  328  337 
316  311  329  321  337  178  225  218  231  222  789  808  816  795  807  396  420  360  380  389  824  853  875  841  821  116  103  94   77   107  558  561  584  575  562  405  378  408  400  396  835  838  804  836  817  820  800  783  833  783  0    57   10   50   17   522  540  517  520  524  507  458  440  491  508  291  279  303  321  311  489  475  497  470  467 
348  344  363  350  376  232  278  272  282  272  832  853  859  839  849  369  389  333  352  365  880  909  931  896  877  69   70   56   53   66   615  617  640  632  618  462  435  465  457  453  874  875  842  875  855  849  830  815  862  814  57   0    61   47   43   579  597  575  578  582  547  503  481  534  550  340  329  347  370  360  512  500  520  494  490 
323  317  336  328  342  180  226  219  233  225  793  812  820  799  811  406  430  370  390  399  823  852  875  840  820  115  100  92   73   105  556  559  583  574  560  403  375  406  397  395  840  843  809  842  823  827  807  790  840  790  10   61   0    45   26   518  536  514  517  521  512  462  445  496  513  283  271  294  313  303  497  483  505  478  475 
366  360  379  370  387  224  271  263  278  270  839  857  866  844  856  415  436  380  399  411  864  892  915  881  860  75   55   49   28   62   595  599  622  615  599  442  414  445  434  434  885  888  854  886  867  869  850  833  882  833  50   47   45   0    51   551  571  548  551  557  557  507  490  541  558  298  289  303  329  318  537  524  545  519  515 
316  311  329  319  340  188  234  228  239  230  794  814  821  800  811  380  404  344  364  374  836  865  887  852  833  108  100  89   74   101  572  573  597  588  575  418  391  421  414  409  838  840  806  839  819  819  799  783  832  783  17   43   26   51   0    537  555  532  535  539  510  463  443  496  512  308  296  320  338  329  486  473  493  467  464 
480  473  473  507  429  375  346  345  355  370  582  571  602  579  600  824  860  793  811  802  365  392  418  387  356  626  600  599  576  611  114  150  155  167  127  157  163  151  136  170  677  699  664  681  678  779  749  723  784  725  522  579  518  551  537  0    30   22   12   54   459  383  421  418  434  307  302  335  283  297  616  588  616  593  605 
480  474  472  507  428  388  356  356  364  379  557  545  577  554  575  832  868  801  819  809  335  362  389  357  327  646  621  619  596  632  88   124  127  140  100  160  172  154  146  173  654  676  642  658  656  760  730  704  765  706  540  597  536  571  555  30   0    22   22   35   447  372  412  405  421  335  329  363  311  325  610  581  609  587  600 
463  456  456  490  412  366  335  335  343  358  560  550  581  557  578  812  847  781  799  789  354  381  408  376  346  623  598  596  574  609  95   129  136  147  107  141  151  135  125  154  656  677  643  660  656  757  727  701  762  703  517  575  514  548  532  22   22   0    9    33   438  362  400  396  412  314  308  343  291  305  597  569  597  574  586 
471  464  464  498  420  371  341  340  349  364  569  558  589  566  587  818  854  787  805  795  357  384  411  379  349  625  600  598  576  611  103  137  143  155  115  148  157  142  130  161  665  686  652  669  665  766  736  710  771  712  520  578  517  551  535  12   22   9    0    42   447  371  410  406  422  312  306  340  289  302  606  577  606  583  595 
449  442  440  476  395  366  332  333  339  353  527  516  547  524  545  804  841  774  792  781  329  357  383  351  322  633  609  606  584  619  62   96   103  113  74   132  150  127  125  144  623  644  610  627  623  726  696  670  731  672  524  582  521  557  539  54   35   33   42   0    411  337  377  370  385  336  329  367  315  329  575  547  575  553  565 
206  208  190  218  170  351  311  321  297  299  288  315  315  296  305  551  589  534  546  521  501  524  535  505  506  616  610  599  584  611  379  347  364  344  371  325  345  331  363  315  328  333  298  330  312  349  322  300  358  301  507  547  512  557  510  459  447  438  447  411  0    80   68   41   28   554  536  591  557  562  191  166  187  175  192 
189  188  173  209  137  291  247  257  235  240  332  350  359  337  350  560  599  539  553  531  468  492  507  475  471  571  561  552  535  564  311  282  301  281  303  245  265  251  283  235  388  397  361  391  375  427  399  376  436  377  458  503  462  507  463  383  372  362  371  337  80   0    47   42   62   478  460  515  480  485  244  216  242  223  238 
151  151  134  168  105  283  243  252  228  230  351  374  378  358  368  516  555  496  509  487  514  539  553  521  518  550  543  532  517  545  355  327  346  327  348  276  292  282  312  265  396  401  366  398  380  414  388  367  424  367  440  481  445  490  443  421  412  400  410  377  68   47   0    55   69   489  471  526  494  499  199  171  198  178  192 
206  207  190  222  161  329  287  296  274  277  297  319  325  304  315  567  605  548  560  537  472  495  508  478  477  603  595  585  569  597  339  307  325  304  330  285  306  291  323  276  349  356  321  351  335  384  357  334  393  335  491  534  496  541  496  418  405  396  406  370  41   42   55   0    19   520  503  558  522  528  224  197  221  206  222 
217  218  201  231  174  347  305  315  292  295  282  305  309  289  299  572  610  553  565  541  475  497  509  479  480  619  611  601  585  613  352  320  336  316  343  304  325  309  341  294  330  337  302  332  316  365  337  314  373  315  508  550  513  558  512  434  421  412  422  385  28   62   69   19   0    540  523  578  542  548  218  192  214  202  218 
447  439  451  468  427  251  266  257  283  291  781  785  806  782  800  674  703  639  659  662  666  694  720  687  659  364  333  337  316  347  393  413  430  432  401  278  244  276  247  278  857  870  834  860  848  903  876  854  912  855  291  340  283  298  308  307  335  314  312  336  554  478  489  520  540  0    18   37   31   20   632  608  636  608  613 
429  421  432  449  408  233  247  239  264  272  765  770  791  767  784  659  688  624  644  646  659  687  712  679  652  356  326  329  307  340  384  403  421  422  392  264  231  263  235  265  841  853  817  843  831  885  859  837  895  837  279  329  271  289  296  302  329  308  306  329  536  460  471  503  523  18   0    54   42   35   614  590  618  590  595 
480  472  484  500  461  281  299  290  316  324  818  822  843  820  837  692  719  657  677  681  697  724  751  718  689  364  333  338  318  348  425  447  463  466  434  314  281  312  282  315  895  908  871  898  886  940  914  891  949  892  303  347  294  303  320  335  363  343  340  367  591  515  526  558  578  37   54   0    51   38   666  642  670  642  647 
461  453  464  483  437  269  279  271  296  305  775  777  800  776  794  701  730  666  686  688  645  673  699  666  637  395  365  369  347  379  373  396  412  415  382  268  235  265  234  270  854  868  832  857  846  906  879  857  915  857  321  370  313  329  338  283  311  291  289  315  557  480  494  522  542  31   42   51   0    14   644  620  648  620  626 
461  453  465  483  439  267  280  271  297  305  784  787  809  785  803  694  722  659  679  681  659  686  712  680  651  383  353  357  335  367  386  408  425  427  395  278  245  276  245  280  862  875  839  865  854  912  885  862  921  863  311  360  303  318  329  297  325  305  302  329  562  485  499  528  548  20   35   38   14   0    645  621  650  622  627 
187  195  181  173  208  388  366  375  349  342  421  458  444  432  432  398  434  389  396  366  692  714  724  696  698  578  581  568  559  578  554  526  545  525  547  466  475  472  499  454  416  406  380  415  390  343  329  318  357  317  489  512  497  537  486  616  610  597  606  575  191  244  199  224  218  632  614  666  644  645  0    28   9    24   22  
167  174  159  155  182  367  343  352  326  319  408  444  432  419  420  409  445  398  406  377  668  690  700  671  673  567  570  557  547  567  526  498  517  497  519  438  447  444  471  426  410  402  374  409  385  349  333  321  363  320  475  500  483  524  473  588  581  569  577  547  166  216  171  197  192  608  590  642  620  621  28   0    29   10   27  
193  201  186  179  211  393  370  379  353  347  412  450  436  424  423  407  442  399  405  375  688  709  719  691  693  586  589  576  567  586  553  524  543  523  545  467  476  473  500  455  407  397  371  406  381  334  320  309  348  308  497  520  505  545  493  616  609  597  606  575  187  242  198  221  214  636  618  670  648  650  9    29   0    28   30  
165  172  158  151  183  365  342  351  325  318  418  454  443  429  430  398  435  388  396  367  677  699  710  681  682  561  564  551  541  561  533  505  524  504  526  442  451  448  475  430  420  411  384  419  395  356  341  329  370  328  470  494  478  519  467  593  587  574  583  553  175  223  178  206  202  608  590  642  620  622  24   10   28   0    16  
167  175  162  151  191  368  347  356  330  322  434  470  458  445  445  383  419  373  381  352  693  716  727  697  698  555  559  546  537  556  547  519  539  519  540  453  461  459  485  441  433  424  397  432  407  364  350  339  378  337  467  490  475  515  464  605  600  586  595  565  192  238  192  222  218  613  595  647  626  627  22   27   30   16   0   
0          34393
20825      21059
26281      26381
22608      22964
30615      30644
4433       4755
29815      29933
25978      26144
23641      23759
17281      17437
17918      18219
28658      28784
7474       7652
25325      25548
1207       1444
20493      20787
26709      27111
23934      24129
16722      16938
15368      15479
18299      18656
573        680
14311      14431
18433      18760
5098       5411
31602      31956
6503       6684
2111       2285
31674      31780
8332       8581
30037      30291
19642      19866
2845       2942
19672      19854
4095       4261
4297       4541
23257      23579
13764      13973
24527      24745
15910      16189
25318      25467
3584       3832
10554      10837
1183       1288
25201      25570
3500       3709
21337      21641
21269      21512
12417      12632
17689      17956
9563       9659
29417      29790
13234      13324
31508      31731
32846      33026
32268      32598
23249      23404
31043      31323
33351      33672
5585       5800
5984       6237
19806      20057
30531      30949
10041      10193
9066       9236
11368      11570
22236      22430
19074      19306
27981      28011
13483      13627
27291      27505
16375      16469
26436      26638
10221      10382
10184      10438
