125
0    8    16   27   58   200  181  190  165  156  495  522  522  503  511  376  415  353  367  349  648  674  690  658  650  417  415  403  391  414  446  426  449  432  442  323  322  329  348  310  527  527  494  528  507  504  484  467  516  467  316  348  323  366  316  480  480  463  471  449  206  189  151  206  217  447  429  480  461  461  187  167  193  165  167  372  350  376  367  397  506  495  467  519  480  332  350  350  364  329  165  192  200  177  174  462  450  455  502  461  441  462  470  449  468  532  498  527  553  500  394  381  396  420  413  413  394  428  452  436  321  349  327  366  301 
8    0    19   34   54   193  173  182  157  148  497  523  524  505  513  380  418  356  371  353  645  671  687  655  646  413  410  398  386  410  440  421  444  427  436  316  314  322  341  303  530  531  498  531  511  510  489  472  522  472  311  344  317  360  311  473  474  456  464  442  208  188  151  207  218  439  421  472  453  453  195  174  201  172  175  380  357  384  375  405  508  497  468  520  481  324  342  342  356  321  157  184  193  169  166  465  452  457  504  464  438  459  467  445  466  526  491  521  547  493  395  381  398  421  414  420  401  435  459  443  317  345  323  362  297 
16   19   0    38   45   207  185  193  168  160  479  505  506  487  495  391  429  367  382  362  634  660  676  643  636  432  429  417  404  429  435  415  438  420  431  316  316  322  343  303  511  512  479  512  492  492  471  454  504  453  329  363  336  379  329  473  472  456  464  440  190  173  134  190  201  451  432  484  464  465  181  159  186  158  162  374  352  378  369  401  522  511  484  535  496  333  349  351  363  328  165  191  195  176  173  446  434  439  485  445  457  478  486  464  484  524  490  519  544  492  377  365  380  403  397  418  400  434  457  442  336  364  342  381  316 
27   34   38   0    83   219  204  211  187  177  505  533  531  513  520  353  391  330  345  325  672  697  713  681  674  418  418  405  394  416  472  453  475  458  468  350  348  356  375  337  531  530  498  532  510  499  480  465  512  464  321  350  328  370  319  507  507  490  498  476  218  209  168  222  231  468  449  500  483  483  173  155  179  151  151  347  325  352  343  371  488  476  450  501  461  356  375  374  389  354  190  216  227  202  198  471  459  464  512  469  436  456  466  447  463  559  525  554  580  527  406  396  409  433  426  386  367  401  425  409  319  348  325  367  302 
58   54   45   83   0    194  163  172  146  142  457  480  484  464  473  434  473  410  425  407  590  617  633  600  592  445  440  429  414  441  390  369  392  375  385  272  275  278  301  260  498  500  466  499  480  494  472  453  506  453  337  376  342  387  340  429  428  412  420  395  170  137  105  161  174  427  408  461  437  439  208  182  211  183  191  414  392  416  408  442  561  551  520  573  534  302  314  319  328  295  136  161  156  145  144  426  413  418  462  426  478  500  506  482  507  478  446  474  498  447  351  334  354  376  370  462  444  478  501  486  354  380  360  394  330 
200  193  207  219  194  0    46   39   56   52   623  638  650  628  641  458  491  424  444  439  649  678  700  665  647  295  279  272  252  285  391  389  413  402  393  238  216  242  242  227  678  684  649  680  663  688  665  645  699  645  178  232  180  224  188  375  388  366  371  366  351  291  283  329  347  251  233  281  269  267  388  367  393  365  368  556  535  565  555  576  522  524  474  527  498  160  192  179  206  169  83   85   139  89   84   598  582  587  625  598  353  379  375  342  385  444  402  438  475  408  512  484  516  531  528  580  561  593  618  601  231  245  236  248  196 
181  173  185  204  163  46   0    9    17   27   578  593  605  583  596  479  513  447  465  458  606  634  656  621  604  341  326  319  299  332  352  347  372  360  353  201  183  205  210  189  636  643  608  638  622  653  629  608  664  609  225  278  226  271  234  346  356  335  341  332  311  247  243  287  305  266  247  299  279  280  366  343  370  342  347  549  527  556  546  571  555  556  508  562  531  154  178  172  193  156  37   40   94   42   37   554  538  543  580  555  398  423  420  388  429  413  372  406  441  376  467  438  471  486  483  580  561  594  618  602  275  290  280  294  240 
190  182  193  211  172  39   9    0    26   34   587  602  614  592  605  481  515  448  467  460  610  639  660  626  608  335  319  312  292  325  355  351  375  364  356  202  183  207  210  191  645  653  617  647  631  663  638  618  674  618  218  272  219  263  228  345  356  335  340  333  321  257  252  296  315  257  239  290  271  271  375  352  379  351  356  556  534  563  553  578  554  555  507  560  530  147  174  166  188  151  46   45   100  50   45   563  548  553  589  564  393  418  414  382  424  413  372  406  442  376  476  447  480  495  492  586  567  600  625  608  270  284  275  288  235 
165  157  168  187  146  56   17   26   0    14   567  582  594  572  585  469  504  437  456  447  606  634  655  620  604  347  333  325  306  338  356  350  374  362  357  207  191  211  219  195  623  629  594  625  608  637  613  593  648  593  231  282  233  278  239  355  364  343  349  339  297  235  228  274  292  283  264  316  296  297  349  326  353  325  330  533  511  539  530  555  550  550  504  557  526  169  193  188  207  170  29   44   92   40   33   542  526  531  569  542  401  426  424  393  432  420  380  414  448  384  456  428  460  475  472  565  546  579  603  587  276  293  281  299  243 
156  148  160  177  142  52   27   34   14   0    572  588  599  577  590  454  489  422  441  432  618  647  667  633  617  338  325  317  298  330  371  364  388  375  371  221  206  226  234  209  626  632  596  627  610  636  612  592  647  593  222  272  225  270  230  370  379  358  364  353  299  240  230  277  295  291  272  324  305  305  342  319  347  318  322  522  500  529  519  544  536  535  490  543  511  181  206  200  220  183  41   59   106  54   47   546  531  536  574  546  390  415  413  383  421  435  395  429  463  399  461  435  465  481  478  552  533  566  591  574  265  282  270  289  232 
495  497  479  505  457  623  578  587  567  572  0    43   27   13   18   817  853  805  814  786  412  420  416  402  423  901  893  883  866  895  470  433  434  417  457  509  540  512  545  505  104  133  110  109  118  270  243  220  266  223  789  832  793  839  794  582  557  560  569  527  288  332  351  297  282  781  765  818  775  784  421  408  412  418  434  611  596  587  591  646  980  962  948  996  953  646  628  653  635  623  541  550  501  539  542  41   46   42   17   46   934  957  963  939  963  568  570  570  557  564  111  147  107  98   98   696  686  712  725  719  811  836  817  850  786 
522  523  505  533  480  638  593  602  582  588  43   0    39   30   47   852  889  839  849  821  377  383  377  365  389  921  912  902  885  915  457  421  419  404  445  509  541  512  545  507  138  168  150  143  156  311  284  263  307  266  808  853  812  857  814  571  545  550  558  516  315  350  374  319  305  785  770  822  777  787  458  444  450  454  470  652  637  630  633  688  1013 996  979  1028 986  651  631  657  637  627  556  563  512  553  557  83   84   81   27   89   958  981  986  961  987  552  557  554  538  550  129  155  125  107  111  737  727  754  767  761  834  858  840  871  808 
522  524  506  531  484  650  605  614  594  599  27   39   0    23   12   841  878  830  838  810  417  423  417  405  428  928  920  910  893  922  489  452  452  436  477  533  564  536  569  530  98   128  112  103  118  273  248  227  269  230  816  859  820  866  821  602  577  581  589  547  315  359  378  325  309  806  791  843  800  809  444  432  436  443  458  630  615  606  610  665  1005 988  974  1021 979  671  653  678  660  648  568  576  528  565  569  63   72   67   28   67   961  984  990  966  990  586  589  588  573  583  138  172  134  123  123  715  706  731  744  738  838  863  844  877  814 
503  505  487  513  464  628  583  592  572  577  13   30   23   0    22   828  864  816  825  796  402  409  405  391  413  907  899  889  872  901  466  429  429  414  454  509  541  512  545  506  113  142  121  118  129  282  255  233  278  236  795  839  799  844  800  579  554  557  566  524  296  337  358  304  289  782  767  820  776  785  432  419  424  429  445  623  608  600  604  659  990  973  958  1006 963  648  629  654  636  624  546  554  505  543  547  53   57   53   5    58   942  964  970  945  970  563  567  566  551  560  116  148  112  99   100  708  698  724  737  731  818  843  824  857  793 
511  513  495  520  473  641  596  605  585  590  18   47   12   22   0    829  865  818  826  797  422  430  424  412  434  918  910  900  884  912  487  450  451  435  475  528  559  531  564  524  92   122  103  97   109  264  238  217  260  220  807  849  811  856  811  600  575  578  587  545  305  350  368  315  299  800  784  837  794  803  432  420  423  430  445  617  602  593  597  652  993  975  962  1009 967  665  647  672  654  642  559  568  520  557  561  51   61   56   28   54   951  973  980  955  979  585  588  588  573  582  130  166  126  117  117  703  693  719  731  725  828  853  834  867  803 
376  380  391  353  434  458  479  481  469  454  817  852  841  828  829  0    38   35   16   31   1025 1051 1067 1034 1027 398  422  409  418  410  812  797  821  805  810  672  660  677  688  659  813  801  777  812  786  714  707  703  728  701  396  369  406  415  380  824  832  812  818  804  551  560  516  567  572  674  659  692  701  694  398  409  407  398  383  318  312  348  335  306  185  157  178  206  163  617  651  635  664  628  489  512  548  503  497  778  771  775  828  775  342  343  370  382  346  887  848  881  913  852  734  734  736  763  754  265  254  266  285  269  323  348  325  376  347 
415  418  429  391  473  491  513  515  504  489  853  889  878  864  865  38   0    66   48   68   1063 1089 1105 1072 1065 413  439  426  436  425  850  835  859  843  847  708  696  714  723  696  848  835  812  847  821  745  739  735  759  733  420  389  430  436  404  860  868  847  854  841  589  599  555  605  610  703  688  719  730  722  434  445  442  435  419  340  336  371  358  324  162  132  165  184  144  649  684  668  697  661  525  548  584  539  533  814  807  811  865  811  350  349  376  392  351  923  884  917  950  888  772  772  773  801  792  279  270  278  294  279  344  367  346  394  371 
353  356  367  330  410  424  447  448  437  422  805  839  830  816  818  35   66   0    20   39   1001 1027 1043 1011 1002 364  388  375  383  376  784  770  794  778  782  642  629  647  656  629  806  795  770  805  780  714  706  700  728  698  360  333  370  380  344  793  801  781  787  774  534  539  496  548  553  639  624  657  666  659  389  398  399  388  373  332  324  361  348  324  181  158  165  201  157  583  617  601  631  594  458  481  518  473  467  767  759  763  816  764  311  314  340  350  317  857  817  851  883  821  720  717  721  748  740  287  274  290  309  293  288  313  290  341  312 
367  371  382  345  425  444  465  467  456  441  814  849  838  825  826  16   48   20   0    33   1016 1042 1058 1026 1018 382  406  393  402  394  801  787  810  794  799  660  647  665  675  647  812  801  776  811  786  716  709  704  730  702  380  352  390  399  364  811  819  799  805  792  546  553  509  560  565  659  644  677  686  679  396  406  405  396  381  326  319  356  342  316  180  154  169  200  157  602  637  621  650  614  477  499  536  491  485  775  767  772  825  772  327  329  355  366  332  875  836  869  901  839  730  728  731  758  750  277  264  278  297  281  307  332  309  360  331 
349  353  362  325  407  439  458  460  447  432  786  821  810  796  797  31   68   39   33   0    997  1022 1038 1005 999  400  423  409  416  411  787  771  795  779  785  649  638  654  665  636  782  770  746  781  755  683  677  672  698  670  389  365  399  411  374  802  809  789  795  781  521  531  487  537  541  662  646  681  688  681  366  377  375  367  352  294  287  324  310  284  213  187  201  233  190  598  632  617  645  608  466  490  524  481  475  746  739  743  797  743  350  353  379  388  357  864  825  858  889  829  703  703  705  732  723  247  234  250  270  253  319  346  322  374  341 
648  645  634  672  590  649  606  610  606  618  412  377  417  402  422  1025 1063 1001 1016 997  0    28   53   23   13   938  918  913  892  927  276  265  243  249  269  422  453  420  436  429  514  544  521  520  530  678  649  624  676  627  824  880  823  864  836  365  335  354  357  329  501  468  514  472  475  666  659  697  645  659  692  668  688  677  693  924  904  910  909  959  1144 1138 1101 1154 1119 569  531  563  528  542  577  565  513  565  572  438  425  426  396  443  1003 1028 1023 989  1034 303  335  310  270  326  386  354  389  364  374  998  983  1015 1034 1023 881  894  886  895  846 
674  671  660  697  617  678  634  639  634  647  420  383  423  409  430  1051 1089 1027 1042 1022 28   0    27   19   35   967  947  942  920  955  304  294  271  278  298  450  481  448  465  458  521  552  530  526  538  688  659  635  686  638  853  909  852  892  865  392  362  381  384  357  524  492  539  495  497  694  687  724  673  686  714  690  709  699  716  945  925  930  929  980  1172 1165 1128 1182 1146 597  559  591  557  570  605  594  541  593  600  448  436  437  404  454  1031 1057 1052 1017 1063 328  362  335  295  353  401  372  403  378  388  1019 1005 1036 1055 1044 909  923  914  923  874 
690  687  676  713  633  700  656  660  655  667  416  377  417  405  424  1067 1105 1043 1058 1038 53   27   0    34   62   990  970  965  943  978  329  317  296  301  323  474  505  472  489  481  515  546  526  520  534  685  657  633  682  636  875  931  875  915  887  418  389  408  411  383  535  507  553  508  509  720  712  751  699  712  724  700  719  710  727  954  934  938  937  989  1190 1183 1147 1200 1164 622  584  616  582  595  626  615  562  615  621  445  435  435  399  451  1053 1079 1074 1040 1085 355  388  362  322  379  404  377  406  380  390  1029 1015 1046 1064 1054 931  945  936  946  896 
658  655  643  681  600  665  621  626  620  633  402  365  405  391  412  1034 1072 1011 1026 1005 23   19   34   0    35   955  935  930  909  944  296  283  262  267  289  440  471  438  455  447  503  534  512  508  520  669  641  617  667  620  841  896  840  881  852  387  357  376  379  351  505  475  521  478  479  687  679  718  666  680  696  671  691  681  697  926  907  911  910  961  1156 1149 1113 1166 1130 588  550  582  548  561  591  581  527  580  586  429  417  418  386  435  1019 1044 1039 1005 1050 326  358  333  293  349  382  352  384  359  369  1001 986  1018 1036 1026 896  910  901  911  861 
650  646  636  674  592  647  604  608  604  617  423  389  428  413  434  1027 1065 1002 1018 999  13   35   62   35   0    935  914  910  888  923  270  261  238  245  264  418  448  415  431  425  526  556  533  531  542  688  659  635  687  637  821  877  820  860  833  356  327  346  349  322  506  471  518  477  480  659  652  689  637  651  698  673  693  682  698  930  910  916  915  965  1145 1139 1101 1154 1119 563  525  557  522  536  575  563  511  564  570  448  436  437  407  454  1000 1026 1020 986  1032 293  326  300  260  317  395  362  398  373  383  1003 988  1020 1039 1028 879  892  883  892  843 
417  413  432  418  445  295  341  335  347  338  901  921  928  907  918  398  413  364  382  400  938  967  990  955  935  0    31   27   49   16   670  674  697  689  674  518  489  520  510  509  943  944  911  944  924  916  898  883  929  882  116  69   115  75   108  626  646  623  625  633  616  571  550  603  619  364  356  364  395  383  578  567  586  561  555  648  632  670  657  653  345  366  299  339  333  386  427  398  435  410  376  380  435  384  379  872  858  863  905  871  87   109  91   53   113  701  657  693  736  664  793  770  796  815  810  631  614  638  661  643  102  71   96   51   116 
415  410  429  418  440  279  326  319  333  325  893  912  920  899  910  422  439  388  406  423  918  947  970  935  914  31   0    14   27   15   648  653  676  669  652  496  467  498  487  488  938  940  906  939  919  917  898  882  930  882  103  70   100  55   100  600  621  598  600  609  610  561  543  595  611  333  326  333  365  353  581  570  589  564  559  663  647  684  671  669  376  396  329  370  363  360  402  372  410  385  362  363  418  369  364  865  850  855  896  864  118  140  120  82   143  676  632  668  710  639  784  759  787  805  801  649  632  657  680  662  113  81   108  54   116 
403  398  417  405  429  272  319  312  325  317  883  902  910  889  900  409  426  375  393  409  913  942  965  930  910  27   14   0    22   13   644  649  672  664  648  492  463  494  483  484  927  928  895  928  908  905  886  870  918  870  94   56   92   49   89   599  619  596  598  606  599  552  532  585  601  337  329  338  369  357  568  557  576  551  546  649  632  670  657  655  367  385  319  361  353  359  400  371  408  383  354  356  411  361  356  854  840  845  886  854  112  135  118  80   139  674  630  666  709  637  774  750  777  796  791  635  618  643  666  648  98   67   94   40   103 
391  386  404  394  414  252  299  292  306  298  866  885  893  872  884  418  436  383  402  416  892  920  943  909  888  49   27   22   0    35   622  627  650  642  626  470  441  472  461  462  912  914  880  913  894  894  874  858  906  858  77   53   73   28   74   576  596  574  576  584  584  535  517  569  585  316  307  318  347  335  559  547  567  541  537  648  631  668  655  655  384  401  336  378  369  336  378  348  386  360  335  336  391  342  336  838  824  829  870  838  134  157  141  103  161  651  608  644  686  615  757  732  761  778  774  637  620  646  669  651  99   70   95   42   95  
414  410  429  416  441  285  332  325  338  330  895  915  922  901  912  410  425  376  394  411  927  955  978  944  923  16   15   13   35   0    657  662  685  677  661  505  476  508  496  497  939  940  907  940  920  915  896  881  928  880  107  66   105  62   101  611  632  609  611  619  611  564  545  597  613  347  340  348  379  367  578  567  586  561  556  655  638  676  663  660  361  381  314  355  348  371  413  384  421  396  367  370  425  375  369  867  852  857  899  866  103  125  107  69   129  687  643  679  722  650  786  763  790  808  804  639  623  647  670  652  105  73   100  49   113 
446  440  435  472  390  391  352  355  356  371  470  457  489  466  487  812  850  784  801  787  276  304  329  296  270  670  648  644  622  657  0    37   41   52   12   154  181  150  161  164  567  590  556  572  570  679  648  622  683  624  558  615  556  595  572  114  88   95   103  62   379  311  355  339  352  393  384  425  373  386  554  526  553  533  547  787  765  781  776  818  907  905  861  914  882  293  254  287  252  266  330  313  267  317  323  472  454  458  461  476  740  765  757  722  771  106  100  106  113  94   381  337  386  378  383  845  827  861  883  869  622  631  626  629  585 
426  421  415  453  369  389  347  351  350  364  433  421  452  429  450  797  835  770  787  771  265  294  317  283  261  674  653  649  627  662  37   0    24   19   25   156  187  154  172  164  530  553  519  534  532  641  611  585  646  587  561  617  559  599  573  150  124  129  137  96   347  282  327  307  320  413  403  447  396  408  526  498  524  505  519  759  737  753  748  791  899  896  853  906  873  305  269  301  268  278  322  307  258  309  316  434  417  420  424  439  741  766  760  725  772  143  137  143  145  132  343  299  348  340  345  820  803  836  858  844  621  632  625  631  584 
449  444  438  475  392  413  372  375  374  388  434  419  452  429  451  821  859  794  810  795  243  271  296  262  238  697  676  672  650  685  41   24   0    20   30   179  209  177  193  188  533  556  523  537  536  650  619  594  654  596  584  640  583  622  597  155  127  136  143  103  364  301  346  325  336  430  421  463  412  425  545  517  543  524  539  779  757  772  767  811  923  920  877  931  898  326  289  321  287  299  346  331  282  334  340  438  420  423  424  442  764  790  783  748  796  135  138  137  132  131  349  305  353  344  349  840  823  857  879  865  644  656  649  655  608 
432  427  420  458  375  402  360  364  362  375  417  404  436  414  435  805  843  778  794  779  249  278  301  267  245  689  669  664  642  677  52   19   20   0    40   173  204  171  190  180  516  539  505  520  519  631  600  574  635  576  575  632  574  615  588  167  140  147  155  113  344  281  327  304  316  432  422  466  415  427  525  497  523  504  519  759  738  752  747  792  909  906  864  917  884  322  287  319  286  295  334  320  269  321  328  420  403  406  408  425  755  780  774  740  786  154  153  155  152  146  330  286  335  326  332  821  804  838  859  846  634  646  639  646  598 
442  436  431  468  385  393  353  356  357  371  457  445  477  454  475  810  847  782  799  785  269  298  323  289  264  674  652  648  626  661  12   25   30   40   0    156  185  153  167  166  555  578  545  560  558  667  637  611  672  613  562  618  560  599  575  127  100  107  115  74   371  303  348  330  343  401  392  434  382  395  547  519  545  526  540  780  758  774  769  811  907  905  861  914  882  299  261  293  259  272  330  313  266  317  323  460  442  446  448  464  743  768  761  725  774  117  112  117  122  106  369  325  374  366  371  839  822  855  877  863  624  634  628  632  587 
323  316  316  350  272  238  201  202  207  221  509  509  533  509  528  672  708  642  660  649  422  450  474  440  418  518  496  492  470  505  154  156  179  173  156  0    34   6    38   13   592  609  573  596  587  665  636  612  672  613  405  462  403  442  418  157  160  141  148  132  325  245  276  285  304  278  264  314  268  278  466  438  467  442  453  686  664  686  678  715  757  757  710  763  732  153  124  154  128  127  183  162  125  169  175  499  481  485  505  501  586  611  604  569  617  215  177  209  241  180  402  362  407  411  412  734  716  750  773  758  468  477  472  476  431 
322  314  316  348  275  216  183  183  191  206  540  541  564  541  559  660  696  629  647  638  453  481  505  471  448  489  467  463  441  476  181  187  209  204  185  34   0    33   27   34   622  637  601  625  615  689  660  636  696  637  378  435  375  414  391  163  172  151  157  150  345  265  292  306  325  244  231  281  235  245  475  447  476  451  461  690  668  691  683  717  738  739  690  743  714  120  90   120  95   93   171  148  121  157  163  528  511  515  536  531  559  585  576  541  590  229  188  222  259  193  432  393  437  442  442  735  716  750  774  758  443  451  447  448  406 
329  322  322  356  278  242  205  207  211  226  512  512  536  512  531  677  714  647  665  654  420  448  472  438  415  520  498  494  472  508  150  154  177  171  153  6    33   0    33   19   596  613  577  600  591  670  641  617  677  618  408  465  406  445  421  151  154  135  142  127  331  251  282  291  309  276  263  312  265  276  472  444  473  448  459  692  670  692  684  721  761  761  714  767  737  153  123  153  126  126  188  167  131  174  180  502  484  489  508  505  589  614  607  572  620  209  171  203  236  174  406  366  411  414  415  740  722  756  779  764  471  481  475  479  434 
348  341  343  375  301  242  210  210  219  234  545  545  569  545  564  688  723  656  675  665  436  465  489  455  431  510  487  483  461  496  161  172  193  190  167  38   27   33   0    47   630  647  611  633  625  703  675  650  711  651  400  457  397  434  414  136  146  125  130  125  363  283  312  323  341  247  235  282  234  245  499  471  500  475  485  716  693  716  709  743  764  765  716  769  740  132  96   128  98   105  199  175  148  184  190  536  518  522  541  539  581  607  598  562  613  203  161  196  233  166  440  399  445  447  449  761  743  777  800  785  467  474  471  470  429 
310  303  303  337  260  227  189  191  195  209  505  507  530  506  524  659  696  629  647  636  429  458  481  447  425  509  488  484  462  497  164  164  188  180  166  13   34   19   47   0    587  603  567  590  581  657  628  604  664  605  396  453  395  434  409  170  173  154  161  144  315  235  265  276  294  278  265  315  270  280  454  426  455  430  441  674  651  673  666  702  745  745  698  751  721  151  124  153  130  125  171  150  112  157  163  494  476  481  501  496  577  602  595  560  608  227  190  221  254  193  398  358  403  407  408  721  703  737  761  745  458  468  462  467  421 
527  530  511  531  498  678  636  645  623  626  104  138  98   113  92   813  848  806  812  782  514  521  515  503  526  943  938  927  912  939  567  530  533  516  555  592  622  596  630  587  0    31   35   5    29   181  159  143  175  146  835  874  840  885  838  677  654  656  665  623  328  388  396  349  330  857  841  895  854  862  416  410  407  420  433  573  561  547  553  608  985  965  957  1003 959  720  707  729  715  699  600  612  568  600  602  95   113  109  119  92   968  988  998  976  995  668  668  670  658  662  191  233  186  189  185  660  653  676  685  682  848  875  854  892  827 
527  531  512  530  500  684  643  653  629  632  133  168  128  142  122  801  835  795  801  770  544  552  546  534  556  944  940  928  914  940  590  553  556  539  578  609  637  613  647  603  31   0    36   26   21   151  131  117  144  120  838  875  843  888  840  699  676  677  686  644  333  397  401  356  337  870  853  908  868  875  406  402  397  411  424  553  542  526  532  587  975  954  949  993  950  733  721  743  730  713  607  621  579  608  610  118  136  132  148  114  966  986  996  976  992  692  690  694  683  685  210  254  205  212  207  641  634  656  664  662  848  876  854  893  828 
494  498  479  498  466  649  608  617  594  596  110  150  112  121  103  777  812  770  776  746  521  530  526  512  533  911  906  895  880  907  556  519  523  505  545  573  601  577  611  567  35   36   0    34   14   161  135  116  157  119  804  842  809  854  806  664  642  643  652  610  298  361  366  321  302  834  817  871  832  839  380  374  371  384  397  539  527  513  519  574  950  929  922  967  924  697  685  706  694  676  572  585  543  572  575  87   104  101  126  82   934  955  964  943  961  659  657  660  651  651  176  219  171  180  174  626  618  642  652  648  815  843  821  860  795 
528  531  512  532  499  680  638  647  625  627  109  143  103  118  97   812  847  805  811  781  520  526  520  508  531  944  939  928  913  940  572  534  537  520  560  596  625  600  633  590  5    26   34   0    26   177  155  139  170  142  836  875  842  886  839  681  658  660  669  627  330  391  398  351  332  860  843  898  857  865  415  409  406  419  432  571  559  544  550  605  984  964  957  1002 958  723  710  732  718  702  602  614  570  602  604  99   117  114  124  96   968  989  998  977  995  673  672  674  663  666  194  237  189  193  189  658  650  673  683  679  849  876  855  893  828 
507  511  492  510  480  663  622  631  608  610  118  156  118  129  109  786  821  780  786  755  530  538  534  520  542  924  919  908  894  920  570  532  536  519  558  587  615  591  625  581  29   21   14   26   0    156  132  115  151  118  817  855  823  867  819  678  656  656  665  623  312  375  380  335  316  848  831  886  846  854  390  385  381  395  407  544  533  518  524  579  960  939  932  977  934  711  699  721  708  691  586  599  557  586  589  99   116  113  134  94   947  967  977  956  973  672  670  674  664  664  189  233  184  192  187  632  624  647  656  653  828  856  834  873  808 
504  510  492  499  494  688  653  663  637  636  270  311  273  282  264  714  745  714  716  683  678  688  685  669  688  916  917  905  894  915  679  641  650  631  667  665  689  670  703  657  181  151  161  177  156  0    30   56   14   54   820  849  827  869  819  779  760  757  766  726  349  427  414  384  365  903  885  940  906  912  343  349  334  356  364  434  427  404  413  465  895  871  875  915  871  768  763  780  774  751  620  639  607  625  626  240  252  251  287  234  925  942  956  941  948  785  776  785  782  771  306  348  302  320  312  520  516  534  539  539  815  846  821  866  801 
484  489  471  480  472  665  629  638  613  612  243  284  248  255  238  707  739  706  709  677  649  659  657  641  659  898  898  886  874  896  648  611  619  600  637  636  660  641  675  628  159  131  135  155  132  30   0    25   36   23   800  830  807  850  799  749  730  727  736  696  322  399  388  357  337  876  859  914  879  885  329  333  320  341  350  436  428  407  415  469  887  864  866  907  863  741  736  753  747  724  596  614  580  599  601  211  223  222  260  205  909  927  940  924  933  754  746  755  751  741  276  318  272  290  282  523  518  537  544  543  798  828  804  848  783 
467  472  454  465  453  645  608  618  593  592  220  263  227  233  217  703  735  700  704  672  624  635  633  617  635  883  882  870  858  881  622  585  594  574  611  612  636  617  650  604  143  117  116  139  115  56   25   0    60   3    783  815  790  833  783  723  704  701  710  670  300  376  367  334  314  854  837  891  857  862  318  321  309  329  339  440  430  412  419  473  882  858  858  900  856  718  713  730  723  701  575  593  558  578  580  188  199  198  237  182  896  915  927  910  921  728  720  729  725  716  250  292  246  265  256  527  521  542  550  548  783  813  789  832  767 
516  522  504  512  506  699  664  674  648  647  266  307  269  278  260  728  759  728  730  698  676  686  682  667  687  929  930  918  906  928  683  646  654  635  672  672  696  677  711  664  175  144  157  170  151  14   36   60   0    59   833  862  840  882  832  784  765  762  771  731  358  436  424  393  373  912  895  949  915  921  357  363  348  370  378  448  441  418  427  479  910  885  889  929  885  777  772  789  783  760  631  649  616  635  636  238  251  250  283  232  938  956  970  955  962  789  781  789  785  776  308  351  304  321  313  534  530  548  553  553  829  859  835  879  814 
467  472  453  464  453  645  609  618  593  593  223  266  230  236  220  701  733  698  702  670  627  638  636  620  637  882  882  870  858  880  624  587  596  576  613  613  637  618  651  605  146  120  119  142  118  54   23   3    59   0    783  814  790  833  783  725  706  703  712  672  301  377  367  335  315  855  837  892  857  863  317  320  308  328  337  437  427  409  416  470  880  857  857  899  855  719  714  731  724  702  575  593  559  579  580  191  202  201  241  185  895  914  926  909  920  730  722  731  727  717  252  294  248  267  259  525  519  539  547  545  783  812  789  832  767 
316  311  329  321  337  178  225  218  231  222  789  808  816  795  807  396  420  360  380  389  824  853  875  841  821  116  103  94   77   107  558  561  584  575  562  405  378  408  400  396  835  838  804  836  817  820  800  783  833  783  0    57   10   50   17   522  540  517  520  524  507  458  440  491  508  291  279  303  321  311  489  475  497  470  467  595  577  613  600  605  397  409  348  396  378  282  324  297  333  304  260  263  318  267  262  761  747  752  793  761  181  207  199  164  212  596  553  589  630  559  680  656  683  701  697  593  575  602  626  608  80   76   82   70   48  
348  344  363  350  376  232  278  272  282  272  832  853  859  839  849  369  389  333  352  365  880  909  931  896  877  69   70   56   53   66   615  617  640  632  618  462  435  465  457  453  874  875  842  875  855  849  830  815  862  814  57   0    61   47   43   579  597  575  578  582  547  503  481  534  550  340  329  347  370  360  512  500  520  494  490  595  578  616  602  602  349  364  300  347  332  339  381  353  390  361  312  317  372  320  314  803  789  794  836  802  124  149  143  110  155  653  610  646  687  616  724  702  728  747  742  585  567  593  616  598  46   23   43   18   47  
323  317  336  328  342  180  226  219  233  225  793  812  820  799  811  406  430  370  390  399  823  852  875  840  820  115  100  92   73   105  556  559  583  574  560  403  375  406  397  395  840  843  809  842  823  827  807  790  840  790  10   61   0    45   26   518  536  514  517  521  512  462  445  496  513  283  271  294  313  303  497  483  505  478  475  605  586  623  610  615  405  417  356  404  387  278  320  292  329  300  262  264  319  269  264  766  751  756  797  766  184  210  200  165  215  592  549  585  626  555  684  659  687  705  701  603  585  613  637  619  89   81   89   72   58  
366  360  379  370  387  224  271  263  278  270  839  857  866  844  856  415  436  380  399  411  864  892  915  881  860  75   55   49   28   62   595  599  622  615  599  442  414  445  434  434  885  888  854  886  867  869  850  833  882  833  50   47   45   0    51   551  571  548  551  557  557  507  490  541  558  298  289  303  329  318  537  524  545  519  515  634  616  653  640  642  394  410  345  390  378  311  353  324  361  335  306  308  363  313  308  811  796  801  842  811  154  178  165  127  183  626  582  619  661  589  729  704  733  750  746  627  609  635  659  641  92   69   89   46   77  
316  311  329  319  340  188  234  228  239  230  794  814  821  800  811  380  404  344  364  374  836  865  887  852  833  108  100  89   74   101  572  573  597  588  575  418  391  421  414  409  838  840  806  839  819  819  799  783  832  783  17   43   26   51   0    537  555  532  535  539  510  463  443  496  512  308  296  320  338  329  486  473  493  467  464  585  567  604  591  595  380  392  331  379  361  298  339  313  349  320  269  273  328  277  271  765  751  756  797  765  167  193  186  153  199  611  568  604  645  574  685  662  688  707  702  581  563  590  614  596  63   60   64   59   32  
480  473  473  507  429  375  346  345  355  370  582  571  602  579  600  824  860  793  811  802  365  392  418  387  356  626  600  599  576  611  114  150  155  167  127  157  163  151  136  170  677  699  664  681  678  779  749  723  784  725  522  579  518  551  537  0    30   22   12   54   459  383  421  418  434  307  302  335  283  297  616  588  616  593  605  841  819  839  832  870  897  899  848  901  873  240  198  227  190  217  335  311  281  321  326  582  564  567  573  585  703  728  716  679  733  76   32   68   112  41   488  445  493  488  492  891  873  907  930  915  594  598  597  590  556 
480  474  472  507  428  388  356  356  364  379  557  545  577  554  575  832  868  801  819  809  335  362  389  357  327  646  621  619  596  632  88   124  127  140  100  160  172  154  146  173  654  676  642  658  656  760  730  704  765  706  540  597  536  571  555  30   0    22   22   35   447  372  412  405  421  335  329  363  311  325  610  581  609  587  600  837  815  834  828  867  910  911  862  915  886  260  218  249  211  236  342  320  285  328  334  559  541  544  549  563  721  747  736  699  752  56   18   50   89   20   466  422  471  465  469  890  872  906  929  914  610  616  614  609  573 
463  456  456  490  412  366  335  335  343  358  560  550  581  557  578  812  847  781  799  789  354  381  408  376  346  623  598  596  574  609  95   129  136  147  107  141  151  135  125  154  656  677  643  660  656  757  727  701  762  703  517  575  514  548  532  22   22   0    9    33   438  362  400  396  412  314  308  343  291  305  597  569  597  574  586  823  800  820  814  852  888  890  840  893  864  237  196  226  189  213  322  299  266  308  314  560  542  546  552  564  699  724  713  676  730  79   36   71   112  41   466  423  471  466  470  874  856  890  913  898  588  593  591  587  550 
471  464  464  498  420  371  341  340  349  364  569  558  589  566  587  818  854  787  805  795  357  384  411  379  349  625  600  598  576  611  103  137  143  155  115  148  157  142  130  161  665  686  652  669  665  766  736  710  771  712  520  578  517  551  535  12   22   9    0    42   447  371  410  406  422  312  306  340  289  302  606  577  606  583  595  831  809  829  822  860  893  895  845  897  869  239  197  227  190  216  328  305  273  314  320  569  551  555  561  573  701  727  715  678  732  75   32   68   110  38   476  432  481  475  479  882  864  898  921  906  591  596  595  589  554 
449  442  440  476  395  366  332  333  339  353  527  516  547  524  545  804  841  774  792  781  329  357  383  351  322  633  609  606  584  619  62   96   103  113  74   132  150  127  125  144  623  644  610  627  623  726  696  670  731  672  524  582  521  557  539  54   35   33   42   0    411  337  377  370  385  336  329  367  315  329  575  547  575  553  565  803  781  800  794  833  887  888  840  893  863  249  208  239  203  223  315  294  256  301  307  527  509  513  519  531  706  731  722  685  737  83   53   78   109  52   434  390  439  433  437  857  839  873  896  881  592  599  596  594  555 
206  208  190  218  170  351  311  321  297  299  288  315  315  296  305  551  589  534  546  521  501  524  535  505  506  616  610  599  584  611  379  347  364  344  371  325  345  331  363  315  328  333  298  330  312  349  322  300  358  301  507  547  512  557  510  459  447  438  447  411  0    80   68   41   28   554  536  591  557  562  191  166  187  175  192  425  404  414  411  459  702  687  667  716  675  418  415  431  427  402  277  293  258  279  281  256  243  248  295  256  646  668  675  651  674  484  464  482  493  462  188  182  191  215  208  496  481  513  532  521  523  549  529  565  500 
189  188  173  209  137  291  247  257  235  240  332  350  359  337  350  560  599  539  553  531  468  492  507  475  471  571  561  552  535  564  311  282  301  281  303  245  265  251  283  235  388  397  361  391  375  427  399  376  436  377  458  503  462  507  463  383  372  362  371  337  80   0    47   42   62   478  460  515  480  485  244  216  242  223  238  478  456  471  466  510  696  685  657  708  669  341  336  353  347  324  211  223  182  211  213  306  291  296  335  307  610  634  637  611  640  413  390  411  425  389  222  200  225  244  239  542  525  559  580  567  485  508  491  520  458 
151  151  134  168  105  283  243  252  228  230  351  374  378  358  368  516  555  496  509  487  514  539  553  521  518  550  543  532  517  545  355  327  346  327  348  276  292  282  312  265  396  401  366  398  380  414  388  367  424  367  440  481  445  490  443  421  412  400  410  377  68   47   0    55   69   489  471  526  494  499  199  171  198  178  192  432  410  426  421  464  656  644  618  669  630  355  355  369  367  341  208  225  194  211  213  321  307  312  356  321  584  606  612  587  613  455  430  452  468  429  245  230  248  270  264  495  478  512  533  520  460  485  466  499  435 
206  207  190  222  161  329  287  296  274  277  297  319  325  304  315  567  605  548  560  537  472  495  508  478  477  603  595  585  569  597  339  307  325  304  330  285  306  291  323  276  349  356  321  351  335  384  357  334  393  335  491  534  496  541  496  418  405  396  406  370  41   42   55   0    19   520  503  558  522  528  224  197  221  206  222  459  438  449  446  493  710  697  673  724  684  384  379  396  390  367  251  264  225  251  254  270  255  260  302  270  639  661  667  641  668  444  423  442  452  421  190  174  193  215  209  528  512  545  565  553  514  539  520  552  489 
217  218  201  231  174  347  305  315  292  295  282  305  309  289  299  572  610  553  565  541  475  497  509  479  480  619  611  601  585  613  352  320  336  316  343  304  325  309  341  294  330  337  302  332  316  365  337  314  373  315  508  550  513  558  512  434  421  412  422  385  28   62   69   19   0    540  523  578  542  548  218  192  214  202  218  453  432  441  438  487  718  705  682  732  692  404  398  416  409  386  269  283  245  270  273  253  238  243  287  253  653  675  681  656  682  458  438  456  465  436  177  165  179  202  196  523  508  540  559  548  529  554  535  568  504 
447  439  451  468  427  251  266  257  283  291  781  785  806  782  800  674  703  639  659  662  666  694  720  687  659  364  333  337  316  347  393  413  430  432  401  278  244  276  247  278  857  870  834  860  848  903  876  854  912  855  291  340  283  298  308  307  335  314  312  336  554  478  489  520  540  0    18   37   31   20   632  608  636  608  613  807  786  817  806  826  688  701  639  687  670  136  154  128  149  158  290  267  296  283  283  766  749  753  778  768  450  473  454  416  477  381  340  373  418  348  671  634  676  683  683  828  809  841  865  848  372  362  373  344  338 
429  421  432  449  408  233  247  239  264  272  765  770  791  767  784  659  688  624  644  646  659  687  712  679  652  356  326  329  307  340  384  403  421  422  392  264  231  263  235  265  841  853  817  843  831  885  859  837  895  837  279  329  271  289  296  302  329  308  306  329  536  460  471  503  523  18   0    54   42   35   614  590  618  590  595  789  768  799  788  809  677  689  627  676  658  120  140  112  137  142  272  249  278  264  265  750  733  738  763  752  441  465  447  409  469  377  335  369  414  343  655  618  660  667  667  811  792  823  848  830  360  351  361  334  325 
480  472  484  500  461  281  299  290  316  324  818  822  843  820  837  692  719  657  677  681  697  724  751  718  689  364  333  338  318  348  425  447  463  466  434  314  281  312  282  315  895  908  871  898  886  940  914  891  949  892  303  347  294  303  320  335  363  343  340  367  591  515  526  558  578  37   54   0    51   38   666  642  670  642  647  836  815  847  836  855  697  711  648  694  680  174  191  165  185  195  325  303  333  318  319  804  786  791  816  806  451  473  453  415  477  407  367  399  444  376  709  671  714  720  720  855  836  867  892  874  383  370  383  350  351 
461  453  464  483  437  269  279  271  296  305  775  777  800  776  794  701  730  666  686  688  645  673  699  666  637  395  365  369  347  379  373  396  412  415  382  268  235  265  234  270  854  868  832  857  846  906  879  857  915  857  321  370  313  329  338  283  311  291  289  315  557  480  494  522  542  31   42   51   0    14   644  620  648  620  626  825  804  834  823  845  719  731  669  717  700  138  147  126  140  155  301  276  299  292  293  762  745  749  772  764  481  504  486  448  508  355  315  347  392  324  667  628  671  677  677  849  830  862  886  869  402  393  403  375  367 
461  453  465  483  439  267  280  271  297  305  784  787  809  785  803  694  722  659  679  681  659  686  712  680  651  383  353  357  335  367  386  408  425  427  395  278  245  276  245  280  862  875  839  865  854  912  885  862  921  863  311  360  303  318  329  297  325  305  302  329  562  485  499  528  548  20   35   38   14   0    645  621  650  622  627  823  802  833  822  843  709  721  659  707  690  143  156  132  149  162  302  279  304  294  295  770  753  757  781  773  469  492  473  435  496  370  329  362  406  338  675  637  680  686  686  846  827  858  883  865  392  382  393  364  358 
187  195  181  173  208  388  366  375  349  342  421  458  444  432  432  398  434  389  396  366  692  714  724  696  698  578  581  568  559  578  554  526  545  525  547  466  475  472  499  454  416  406  380  415  390  343  329  318  357  317  489  512  497  537  486  616  610  597  606  575  191  244  199  224  218  632  614  666  644  645  0    28   9    24   22   235  214  227  222  268  569  548  543  587  543  510  522  527  535  503  343  368  360  353  351  381  375  379  433  377  582  599  614  600  605  654  628  651  668  627  349  358  349  378  368  305  290  322  341  330  476  506  481  529  465 
167  174  159  155  182  367  343  352  326  319  408  444  432  419  420  409  445  398  406  377  668  690  700  671  673  567  570  557  547  567  526  498  517  497  519  438  447  444  471  426  410  402  374  409  385  349  333  321  363  320  475  500  483  524  473  588  581  569  577  547  166  216  171  197  192  608  590  642  620  621  28   0    29   10   27   262  241  255  250  295  576  556  547  593  550  485  496  502  509  477  319  344  334  328  326  369  361  366  419  365  576  594  607  591  600  626  600  623  639  599  331  337  331  360  350  330  315  347  367  355  466  496  472  518  453 
193  201  186  179  211  393  370  379  353  347  412  450  436  424  423  407  442  399  405  375  688  709  719  691  693  586  589  576  567  586  553  524  543  523  545  467  476  473  500  455  407  397  371  406  381  334  320  309  348  308  497  520  505  545  493  616  609  597  606  575  187  242  198  221  214  636  618  670  648  650  9    29   0    28   30   238  217  229  225  272  578  557  552  596  552  514  525  531  538  506  347  372  363  357  355  372  367  370  424  369  591  608  622  608  614  653  627  650  666  627  341  351  342  370  361  310  295  327  345  335  484  515  490  537  473 
165  172  158  151  183  365  342  351  325  318  418  454  443  429  430  398  435  388  396  367  677  699  710  681  682  561  564  551  541  561  533  505  524  504  526  442  451  448  475  430  420  411  384  419  395  356  341  329  370  328  470  494  478  519  467  593  587  574  583  553  175  223  178  206  202  608  590  642  620  622  24   10   28   0    16   254  233  248  243  287  566  546  537  583  540  486  498  503  511  479  319  344  336  329  327  379  372  376  430  376  568  586  600  584  592  632  605  629  646  605  341  348  342  370  361  321  306  338  358  346  459  490  465  512  447 
167  175  162  151  191  368  347  356  330  322  434  470  458  445  445  383  419  373  381  352  693  716  727  697  698  555  559  546  537  556  547  519  539  519  540  453  461  459  485  441  433  424  397  432  407  364  350  339  378  337  467  490  475  515  464  605  600  586  595  565  192  238  192  222  218  613  595  647  626  627  22   27   30   16   0    240  218  234  229  272  552  532  525  569  526  493  506  510  519  486  325  351  345  335  333  394  387  392  445  391  560  578  592  578  584  645  618  642  660  618  357  364  358  386  377  305  290  322  342  330  454  484  459  507  443 
372  380  374  347  414  556  549  556  533  522  611  652  630  623  617  318  340  332  326  294  924  945  954  926  930  648  663  649  648  655  787  759  779  759  780  686  690  692  716  674  573  553  539  571  544  434  436  440  448  437  595  595  605  634  585  841  837  823  831  803  425  478  432  459  453  807  789  836  825  823  235  262  238  254  240  0    22   31   21   35   502  472  495  523  481  702  722  721  736  701  537  564  570  549  546  569  569  571  625  565  620  629  652  651  634  884  855  881  900  856  562  580  561  590  580  87   82   102  114  108  550  581  555  609  556 
350  357  352  325  392  535  527  534  511  500  596  637  615  608  602  312  336  324  319  287  904  925  934  907  910  632  647  632  631  638  765  737  757  738  758  664  668  670  693  651  561  542  527  559  533  427  428  430  441  427  577  578  586  616  567  819  815  800  809  781  404  456  410  438  432  786  768  815  804  802  214  241  217  233  218  22   0    38   24   54   497  468  488  518  475  680  700  699  714  679  515  542  548  527  524  554  553  556  610  550  606  616  638  637  621  862  833  858  878  833  545  561  544  573  563  100  91   116  131  123  534  565  538  592  538 
376  384  378  352  416  565  556  563  539  529  587  630  606  600  593  348  371  361  356  324  910  930  938  911  916  670  684  670  668  676  781  753  772  752  774  686  691  692  716  673  547  526  513  544  518  404  407  412  418  409  613  616  623  653  604  839  834  820  829  800  414  471  426  449  441  817  799  847  834  833  227  255  229  248  234  31   38   0    13   61   532  503  525  554  511  709  727  727  741  706  542  569  572  554  551  546  546  549  602  541  645  655  677  675  659  880  852  877  894  852  543  562  542  571  561  116  113  130  138  135  571  603  576  630  575 
367  375  369  343  408  555  546  553  530  519  591  633  610  604  597  335  358  348  342  310  909  929  937  910  915  657  671  657  655  663  776  748  767  747  769  678  683  684  709  666  553  532  519  550  524  413  415  419  427  416  600  602  610  640  591  832  828  814  822  794  411  466  421  446  438  806  788  836  823  822  222  250  225  243  229  21   24   13   0    55   519  490  512  540  498  699  718  717  732  697  533  559  564  545  541  550  549  552  606  545  631  641  663  661  645  874  846  871  889  846  544  563  543  572  562  108  103  123  133  129  558  589  563  617  562 
397  405  401  371  442  576  571  578  555  544  646  688  665  659  652  306  324  324  316  284  959  980  989  961  965  653  669  655  655  660  818  791  811  792  811  715  717  721  743  702  608  587  574  605  579  465  469  473  479  470  605  602  615  642  595  870  867  852  860  833  459  510  464  493  487  826  809  855  845  843  268  295  272  287  272  35   54   61   55   0    487  456  484  509  468  725  746  744  761  725  561  588  597  574  570  605  604  607  661  600  620  628  651  653  632  915  885  911  931  885  598  615  597  626  616  55   56   68   78   74   557  587  561  615  565 
506  508  522  488  561  522  555  554  550  536  980  1013 1005 990  993  185  162  181  180  213  1144 1172 1190 1156 1145 345  376  367  384  361  907  899  923  909  907  757  738  761  764  745  985  975  950  984  960  895  887  882  910  880  397  349  405  394  380  897  910  888  893  887  702  696  656  710  718  688  677  697  719  709  569  576  578  566  552  502  497  532  519  487  0    33   49   21   26   667  706  684  718  684  576  594  640  590  583  942  933  938  990  940  263  251  279  307  250  967  925  960  997  930  890  883  891  917  910  442  433  439  454  440  317  326  315  347  352 
495  497  511  476  551  524  556  555  550  535  962  996  988  973  975  157  132  158  154  187  1138 1165 1183 1149 1139 366  396  385  401  381  905  896  920  906  905  757  739  761  765  745  965  954  929  964  939  871  864  858  885  857  409  364  417  410  392  899  911  890  895  888  687  685  644  697  705  701  689  711  731  721  548  556  557  546  532  472  468  503  490  456  33   0    67   55   32   672  711  690  723  689  575  594  638  588  582  924  916  920  973  921  286  276  304  330  276  968  927  961  998  932  874  869  876  902  894  410  401  407  422  408  328  341  327  364  363 
467  468  484  450  520  474  508  507  504  490  948  979  974  958  962  178  165  165  169  201  1101 1128 1147 1113 1101 299  329  319  336  314  861  853  877  864  861  710  690  714  716  698  957  949  922  957  932  875  866  858  889  857  348  300  356  345  331  848  862  840  845  840  667  657  618  673  682  639  627  648  669  659  543  547  552  537  525  495  488  525  512  484  49   67   0    53   34   618  657  634  669  635  531  548  595  544  537  911  901  906  957  908  219  209  237  263  209  919  877  912  949  882  855  847  857  882  875  443  432  442  459  444  267  277  266  299  303 
519  520  535  501  573  527  562  560  557  543  996  1028 1021 1006 1009 206  184  201  200  233  1154 1182 1200 1166 1154 339  370  361  378  355  914  906  931  917  914  763  743  767  769  751  1003 993  967  1002 977  915  907  900  929  899  396  347  404  390  379  901  915  893  897  893  716  708  669  724  732  687  676  694  717  707  587  593  596  583  569  523  518  554  540  509  21   55   53   0    43   669  709  686  720  687  584  601  648  597  591  958  949  954  1005 956  255  240  268  298  240  972  929  965  1002 935  905  897  906  932  924  464  454  461  476  462  316  324  314  344  353 
480  481  496  461  534  498  531  530  526  511  953  986  979  963  967  163  144  157  157  190  1119 1146 1164 1130 1119 333  363  353  369  348  882  873  898  884  882  732  714  737  740  721  959  950  924  958  934  871  863  856  885  855  378  332  387  378  361  873  886  864  869  863  675  669  630  684  692  670  658  680  700  690  543  550  552  540  526  481  475  511  498  468  26   32   34   43   0    645  684  662  696  662  552  570  615  565  559  916  907  911  963  913  253  243  272  297  244  943  901  936  973  906  863  857  865  891  883  424  414  422  438  424  298  309  297  332  333 
332  324  333  356  302  160  154  147  169  181  646  651  671  648  665  617  649  583  602  598  569  597  622  588  563  386  360  359  336  371  293  305  326  322  299  153  120  153  132  151  720  733  697  723  711  768  741  718  777  719  282  339  278  311  298  240  260  237  239  249  418  341  355  384  404  136  120  174  138  143  510  485  514  486  493  702  680  709  699  725  667  672  618  669  645  0    41   19   51   27   167  142  161  157  159  630  613  617  643  632  462  488  476  439  493  315  271  307  350  278  535  499  540  548  547  734  715  748  772  755  356  358  359  350  319 
350  342  349  375  314  192  178  174  193  206  628  631  653  629  647  651  684  617  637  632  531  559  584  550  525  427  402  400  378  413  254  269  289  287  261  124  90   123  96   124  707  721  685  710  699  763  736  713  772  714  324  381  320  353  339  198  218  196  197  208  415  336  355  379  398  154  140  191  147  156  522  496  525  498  506  722  700  727  718  746  706  711  657  709  684  41   0    32   14   23   185  158  163  173  176  615  597  602  625  617  504  529  518  481  535  273  229  266  308  236  519  480  524  530  530  757  739  772  796  779  397  400  400  392  359 
350  342  351  374  319  179  172  166  188  200  653  657  678  654  672  635  668  601  621  617  563  591  616  582  557  398  372  371  348  384  287  301  321  319  293  154  120  153  128  153  729  743  706  732  721  780  753  730  789  731  297  353  292  324  313  227  249  226  227  239  431  353  369  396  416  128  112  165  126  132  527  502  531  503  510  721  699  727  717  744  684  690  634  686  662  19   32   0    37   30   185  159  174  174  177  638  621  625  650  640  476  501  489  451  506  303  259  295  338  266  543  506  548  555  555  753  734  767  791  774  372  373  375  364  334 
364  356  363  389  328  206  193  188  207  220  635  637  660  636  654  664  697  631  650  645  528  557  582  548  522  435  410  408  386  421  252  268  287  286  259  128  95   126  98   130  715  730  694  718  708  774  747  723  783  724  333  390  329  361  349  190  211  189  190  203  427  347  367  390  409  149  137  185  140  149  535  509  538  511  519  736  714  741  732  761  718  723  669  720  696  51   14   37   0    37   199  172  176  187  190  623  605  610  632  625  513  538  526  489  544  265  222  258  301  229  527  488  532  537  537  772  753  786  810  794  408  410  411  401  370 
329  321  328  354  295  169  156  151  170  183  623  627  648  624  642  628  661  594  614  608  542  570  595  561  536  410  385  383  360  396  266  278  299  295  272  127  93   126  105  125  699  713  676  702  691  751  724  701  760  702  304  361  300  335  320  217  236  213  216  223  402  324  341  367  386  158  142  195  155  162  503  477  506  479  486  701  679  706  697  725  684  689  635  687  662  27   23   30   37   0    164  137  147  152  155  608  591  595  620  610  485  511  499  463  516  292  248  284  326  255  513  476  518  525  525  735  716  750  774  757  377  380  380  373  339 
165  157  165  190  136  83   37   46   29   41   541  556  568  546  559  489  525  458  477  466  577  605  626  591  575  376  362  354  335  367  330  322  346  334  330  183  171  188  199  171  600  607  572  602  586  620  596  575  631  575  260  312  262  306  269  335  342  322  328  315  277  211  208  251  269  290  272  325  301  302  343  319  347  319  325  537  515  542  533  561  576  575  531  584  552  167  185  185  199  164  0    26   64   14   9    517  501  506  543  518  430  455  453  422  462  398  359  392  425  362  430  401  434  449  446  573  554  588  612  595  306  322  311  328  272 
192  184  191  216  161  85   40   45   44   59   550  563  576  554  568  512  548  481  499  490  565  594  615  581  563  380  363  356  336  370  313  307  331  320  313  162  148  167  175  150  612  621  585  614  599  639  614  593  649  593  263  317  264  308  273  311  320  299  305  294  293  223  225  264  283  267  249  303  276  279  368  344  372  344  351  564  542  569  559  588  594  594  548  601  570  142  158  159  172  137  26   0    55   15   18   528  511  516  550  529  438  463  460  427  469  376  336  370  404  340  438  408  442  456  453  600  581  615  639  622  315  329  320  333  280 
200  193  195  227  156  139  94   100  92   106  501  512  528  505  520  548  584  518  536  524  513  541  562  527  511  435  418  411  391  425  267  258  282  269  266  125  121  131  148  112  568  579  543  570  557  607  580  558  616  559  318  372  319  363  328  281  285  266  273  256  258  182  194  225  245  296  278  333  299  304  360  334  363  336  345  570  548  572  564  597  640  638  595  648  615  161  163  174  176  147  64   55   0    52   58   481  464  469  501  483  492  517  514  482  524  340  302  334  365  305  390  357  394  406  404  613  595  629  653  637  368  384  373  388  334 
177  169  176  202  145  89   42   50   40   54   539  553  565  543  557  503  539  473  491  481  565  593  615  580  564  384  369  361  342  375  317  309  334  321  317  169  157  174  184  157  600  608  572  602  586  625  599  578  635  579  267  320  269  313  277  321  328  308  314  301  279  211  211  251  270  283  264  318  292  294  353  328  357  329  335  549  527  554  545  574  590  588  544  597  565  157  173  174  187  152  14   15   52   0    6    516  500  505  540  517  440  465  463  431  471  384  344  377  411  348  427  398  431  446  443  586  568  601  625  609  316  332  321  336  282 
174  166  173  198  144  84   37   45   33   47   542  557  569  547  561  497  533  467  485  475  572  600  621  586  570  379  364  356  336  369  323  316  340  328  323  175  163  180  190  163  602  610  575  604  589  626  601  580  636  580  262  314  264  308  271  326  334  314  320  307  281  213  213  254  273  283  265  319  293  295  351  326  355  327  333  546  524  551  541  570  583  582  537  591  559  159  176  177  190  155  9    18   58   6    0    519  503  508  544  520  434  459  457  425  465  390  350  383  417  354  431  402  435  450  447  582  563  597  621  604  310  326  315  331  276 
462  465  446  471  426  598  554  563  542  546  41   83   63   53   51   778  814  767  775  746  438  448  445  429  448  872  865  854  838  867  472  434  438  420  460  499  528  502  536  494  95   118  87   99   99   240  211  188  238  191  761  803  766  811  765  582  559  560  569  527  256  306  321  270  253  766  750  804  762  770  381  369  372  379  394  569  554  546  550  605  942  924  911  958  916  630  615  638  623  608  517  528  481  516  519  0    18   14   56   6    903  925  932  908  931  573  572  575  564  567  96   138  91   94   89   654  644  671  684  678  780  806  786  821  757 
450  452  434  459  413  582  538  548  526  531  46   84   72   57   61   771  807  759  767  739  425  436  435  417  436  858  850  840  824  852  454  417  420  403  442  481  511  484  518  476  113  136  104  117  116  252  223  199  251  202  747  789  751  796  751  564  541  542  551  509  243  291  307  255  238  749  733  786  745  753  375  361  367  372  387  569  553  546  549  604  933  916  901  949  907  613  597  621  605  591  501  511  464  500  503  18   0    5    58   21   890  912  919  895  918  556  555  557  547  549  78   120  73   76   71   653  643  670  683  677  767  793  773  807  743 
455  457  439  464  418  587  543  553  531  536  42   81   67   53   56   775  811  763  772  743  426  437  435  418  437  863  855  845  829  857  458  420  423  406  446  485  515  489  522  481  109  132  101  114  113  251  222  198  250  201  752  794  756  801  756  567  544  546  555  513  248  296  312  260  243  753  738  791  749  757  379  366  370  376  392  571  556  549  552  607  938  920  906  954  911  617  602  625  610  595  506  516  469  505  508  14   5    0    54   18   895  917  924  900  923  559  558  561  550  552  82   124  77   79   75   656  646  673  686  680  772  798  778  812  748 
502  504  485  512  462  625  580  589  569  574  17   27   28   5    28   828  865  816  825  797  396  404  399  386  407  905  896  886  870  899  461  424  424  408  448  505  536  508  541  501  119  148  126  124  134  287  260  237  283  241  793  836  797  842  797  573  549  552  561  519  295  335  356  302  287  778  763  816  772  781  433  419  424  430  445  625  610  602  606  661  990  973  957  1005 963  643  625  650  632  620  543  550  501  540  544  56   58   54   0    61   940  962  968  943  969  558  561  560  546  555  113  144  109  95   97   710  700  727  740  734  816  841  822  854  791 
461  464  445  469  426  598  555  564  542  546  46   89   67   58   54   775  811  764  772  743  443  454  451  435  454  871  864  854  838  866  476  439  442  425  464  501  531  505  539  496  92   114  82   96   94   234  205  182  232  185  761  802  766  811  765  585  563  564  573  531  256  307  321  270  253  768  752  806  764  773  377  365  369  376  391  565  550  541  545  600  940  921  908  956  913  632  617  640  625  610  518  529  483  517  520  6    21   18   61   0    902  923  931  907  930  578  577  579  569  571  99   141  94   98   93   650  640  666  679  673  780  806  786  820  756 
441  438  457  436  478  353  398  393  401  390  934  958  961  942  951  342  350  311  327  350  1003 1031 1053 1019 1000 87   118  112  134  103  740  741  764  755  743  586  559  589  581  577  968  966  934  968  947  925  909  896  938  895  181  124  184  154  167  703  721  699  701  706  646  610  584  639  653  450  441  451  481  469  582  576  591  568  560  620  606  645  631  620  263  286  219  255  253  462  504  476  513  485  430  438  492  440  434  903  890  895  940  902  0    25   32   43   31   777  734  770  811  740  829  810  832  853  848  592  577  597  618  601  125  108  120  112  158 
462  459  478  456  500  379  423  418  426  415  957  981  984  964  973  343  349  314  329  353  1028 1057 1079 1044 1026 109  140  135  157  125  765  766  790  780  768  611  585  614  607  602  988  986  955  989  967  942  927  915  956  914  207  149  210  178  193  728  747  724  727  731  668  634  606  661  675  473  465  473  504  492  599  594  608  586  578  629  616  655  641  628  251  276  209  240  243  488  529  501  538  511  455  463  517  465  459  925  912  917  962  923  25   0    28   59   6    803  759  795  836  766  852  833  855  876  871  598  583  602  623  606  150  134  144  137  183 
470  467  486  466  506  375  420  414  424  413  963  986  990  970  980  370  376  340  355  379  1023 1052 1074 1039 1020 91   120  118  141  107  757  760  783  774  761  604  576  607  598  595  998  996  964  998  977  956  940  927  970  926  199  143  200  165  186  716  736  713  715  722  675  637  612  667  681  454  447  453  486  473  614  607  622  600  592  652  638  677  663  651  279  304  237  268  272  476  518  489  526  499  453  460  514  463  457  932  919  924  968  931  32   28   0    38   28   791  747  784  826  754  857  837  860  881  876  622  607  627  648  631  152  131  146  128  181 
449  445  464  447  482  342  388  382  393  383  939  961  966  945  955  382  392  350  366  388  989  1017 1040 1005 986  53   82   80   103  69   722  725  748  740  725  569  541  572  562  560  976  976  943  977  956  941  924  910  955  909  164  110  165  127  153  679  699  676  678  685  651  611  587  641  656  416  409  415  448  435  600  591  608  584  578  651  637  675  661  653  307  330  263  298  297  439  481  451  489  463  422  427  482  431  425  908  895  900  943  907  43   59   38   0    62   754  710  747  789  717  832  811  835  855  850  627  611  633  654  637  128  102  122  94   153 
468  466  484  463  507  385  429  424  432  421  963  987  990  970  979  346  351  317  332  357  1034 1063 1085 1050 1032 113  143  139  161  129  771  772  796  786  774  617  590  620  613  608  995  992  961  995  973  948  933  921  962  920  212  155  215  183  199  733  752  730  732  737  674  640  613  668  682  477  469  477  508  496  605  600  614  592  584  634  621  659  645  632  250  276  209  240  244  493  535  506  544  516  462  469  524  471  465  931  918  923  969  930  31   6    28   62   0    808  764  800  842  771  858  840  861  882  877  602  587  606  626  609  156  140  151  143  189 
532  526  524  559  478  444  413  413  420  435  568  552  586  563  585  887  923  857  875  864  303  328  355  326  293  701  676  674  651  687  106  143  135  154  117  215  229  209  203  227  668  692  659  673  672  785  754  728  789  730  596  653  592  626  611  76   56   79   75   83   484  413  455  444  458  381  377  407  355  370  654  626  653  632  645  884  862  880  874  915  967  968  919  972  943  315  273  303  265  292  398  376  340  384  390  573  556  559  558  578  777  803  791  754  808  0    43   8    36   37   484  441  489  479  485  939  921  955  978  963  667  672  670  665  629 
498  491  490  525  446  402  372  372  380  395  570  557  589  567  588  848  884  817  836  825  335  362  388  358  326  657  632  630  608  643  100  137  138  153  112  177  188  171  161  190  668  690  657  672  670  776  746  720  781  722  553  610  549  582  568  32   18   36   32   53   464  390  430  423  438  340  335  367  315  329  628  600  627  605  618  855  833  852  846  885  925  927  877  929  901  271  229  259  222  248  359  336  302  344  350  572  555  558  561  577  734  759  747  710  764  43   0    36   79   9    481  437  486  478  483  908  890  924  947  932  624  628  627  621  586 
527  521  519  554  474  438  406  406  414  429  570  554  588  566  588  881  917  851  869  858  310  335  362  333  300  693  668  666  644  679  106  143  137  155  117  209  222  203  196  221  670  694  660  674  674  785  755  729  789  731  589  646  585  619  604  68   50   71   68   78   482  411  452  442  456  373  369  399  347  362  651  623  650  629  642  881  858  877  871  911  960  961  912  965  936  307  266  295  258  284  392  370  334  377  383  575  557  561  560  579  770  795  784  747  800  8    36   0    44   30   486  442  490  481  487  935  917  951  974  959  659  664  663  657  622 
553  547  544  580  498  475  441  442  448  463  557  538  573  551  573  913  950  883  901  889  270  295  322  293  260  736  710  709  686  722  113  145  132  152  122  241  259  236  233  254  658  683  651  663  664  782  751  725  785  727  630  687  626  661  645  112  89   112  110  109  493  425  468  452  465  418  414  444  392  406  668  639  666  646  660  900  878  894  889  931  997  998  949  1002 973  350  308  338  301  326  425  404  365  411  417  564  547  550  546  569  811  836  826  789  842  36   79   44   0    71   478  435  483  471  477  957  939  973  995  981  699  705  703  699  662 
500  493  492  527  447  408  376  376  384  399  564  550  583  560  582  852  888  821  839  829  326  353  379  349  317  664  639  637  615  650  94   132  131  146  106  180  193  174  166  193  662  685  651  666  664  771  741  716  776  717  559  616  555  589  574  41   20   41   38   52   462  389  429  421  436  348  343  376  324  338  627  599  627  605  618  856  833  852  846  885  930  932  882  935  906  278  236  266  229  255  362  340  305  348  354  567  549  552  555  571  740  766  754  717  771  37   9    30   71   0    475  431  480  473  478  909  891  925  948  933  630  635  633  628  592 
394  395  377  406  351  512  467  476  456  461  111  129  138  116  130  734  772  720  730  703  386  401  404  382  395  793  784  774  757  786  381  343  349  330  369  402  432  406  440  398  191  210  176  194  189  306  276  250  308  252  680  724  684  729  685  488  466  466  476  434  188  222  245  190  177  671  655  709  667  675  349  331  341  341  357  562  545  543  544  598  890  874  855  905  863  535  519  543  527  513  430  438  390  427  431  96   78   82   113  99   829  852  857  832  858  484  481  486  478  475  0    43   5    29   20   643  631  660  676  667  705  729  711  742  679 
381  381  365  396  334  484  438  447  428  435  147  155  172  148  166  734  772  717  728  703  354  372  377  352  362  770  759  750  732  763  337  299  305  286  325  362  393  366  399  358  233  254  219  237  233  348  318  292  351  294  656  702  659  704  662  445  422  423  432  390  182  200  230  174  165  634  618  671  628  637  358  337  351  348  364  580  561  562  563  615  883  869  847  897  857  499  480  506  488  476  401  408  357  398  402  138  120  124  144  141  810  833  837  811  840  441  437  442  435  431  43   0    48   49   49   658  645  675  692  683  685  708  691  720  658 
396  398  380  409  354  516  471  480  460  465  107  125  134  112  126  736  773  721  731  705  389  403  406  384  398  796  787  777  761  790  386  348  353  335  374  407  437  411  445  403  186  205  171  189  184  302  272  246  304  248  683  728  687  733  688  493  471  471  481  439  191  225  248  193  179  676  660  714  671  680  349  331  342  342  358  561  544  542  543  597  891  876  857  906  865  540  524  548  532  518  434  442  394  431  435  91   73   77   109  94   832  855  860  835  861  489  486  490  483  480  5    48   0    29   19   643  630  659  675  667  708  733  714  745  682 
420  421  403  433  376  531  486  495  475  481  98   107  123  99   117  763  801  748  758  732  364  378  380  359  373  815  805  796  778  808  378  340  344  326  366  411  442  414  447  407  189  212  180  193  192  320  290  265  321  267  701  747  705  750  707  488  465  466  475  433  215  244  270  215  202  683  667  720  677  686  378  360  370  370  386  590  573  571  572  626  917  902  882  932  891  548  530  555  537  525  449  456  406  446  450  94   76   79   95   98   853  876  881  855  882  479  478  481  471  473  29   49   29   0    10   672  660  689  704  696  729  752  734  764  702 
413  414  397  426  370  528  483  492  472  478  98   111  123  100  117  754  792  740  750  723  374  388  390  369  383  810  801  791  774  804  383  345  349  332  371  412  442  415  449  408  185  207  174  189  187  312  282  256  313  259  697  742  701  746  702  492  469  470  479  437  208  239  264  209  196  683  667  720  677  686  368  350  361  361  377  580  563  561  562  616  910  894  875  924  883  547  530  555  537  525  446  453  404  443  447  89   71   75   97   93   848  871  876  850  877  485  483  487  477  478  20   49   19   10   0    662  650  678  694  686  723  747  729  760  697 
413  420  418  386  462  580  580  586  565  552  696  737  715  708  703  265  279  287  277  247  998  1019 1029 1001 1003 631  649  635  637  639  845  820  840  821  839  734  735  740  761  721  660  641  626  658  632  520  523  527  534  525  593  585  603  627  581  891  890  874  882  857  496  542  495  528  523  828  811  855  849  846  305  330  310  321  305  87   100  116  108  55   442  410  443  464  424  734  757  753  772  735  573  600  613  586  582  654  653  656  710  650  592  598  622  627  602  939  908  935  957  909  643  658  643  672  662  0    18   17   39   25   538  568  542  597  550 
394  401  400  367  444  561  561  567  546  533  686  727  706  698  693  254  270  274  264  234  983  1005 1015 986  988  614  632  618  620  623  827  803  823  804  822  716  716  722  743  703  653  634  618  650  624  516  518  521  530  519  575  567  585  609  563  873  872  856  864  839  481  525  478  512  508  809  792  836  830  827  290  315  295  306  290  82   91   113  103  56   433  401  432  454  414  715  739  734  753  716  554  581  595  568  563  644  643  646  700  640  577  583  607  611  587  921  890  917  939  891  631  645  630  660  650  18   0    34   57   42   521  551  525  579  532 
428  435  434  401  478  593  594  600  579  566  712  754  731  724  719  266  278  290  278  250  1015 1036 1046 1018 1020 638  657  643  646  647  861  836  857  838  855  750  750  756  777  737  676  656  642  673  647  534  537  542  548  539  602  593  613  635  590  907  906  890  898  873  513  559  512  545  540  841  823  867  862  858  322  347  327  338  322  102  116  130  123  68   439  407  442  461  422  748  772  767  786  750  588  615  629  601  597  671  670  673  727  666  597  602  627  633  606  955  924  951  973  925  660  675  659  689  678  17   34   0    24   8    546  576  550  604  559 
452  459  457  425  501  618  618  625  603  591  725  767  744  737  731  285  294  309  297  270  1034 1055 1064 1036 1039 661  680  666  669  670  883  858  879  859  877  773  774  779  800  761  685  664  652  683  656  539  544  550  553  547  626  616  637  659  614  930  929  913  921  896  532  580  533  565  559  865  848  892  886  883  341  367  345  358  342  114  131  138  133  78   454  422  459  476  438  772  796  791  810  774  612  639  653  625  621  684  683  686  740  679  618  623  648  654  626  978  947  974  995  948  676  692  675  704  694  39   57   24   0    18   570  599  574  628  583 
436  443  442  409  486  601  602  608  587  574  719  761  738  731  725  269  279  293  281  253  1023 1044 1054 1026 1028 643  662  648  651  652  869  844  865  846  863  758  758  764  785  745  682  662  648  679  653  539  543  548  553  545  608  598  619  641  596  915  914  898  906  881  521  567  520  553  548  848  830  874  869  865  330  355  335  346  330  108  123  135  129  74   440  408  444  462  424  755  779  774  794  757  595  622  637  609  604  678  677  680  734  673  601  606  631  637  609  963  932  959  981  933  667  683  667  696  686  25   42   8    18   0    552  581  556  610  565 
321  317  336  319  354  231  275  270  276  265  811  834  838  818  828  323  344  288  307  319  881  909  931  896  879  102  113  98   99   105  622  621  644  634  624  468  443  471  467  458  848  848  815  849  828  815  798  783  829  783  80   46   89   92   63   594  610  588  591  592  523  485  460  514  529  372  360  383  402  392  476  466  484  459  454  550  534  571  558  557  317  328  267  316  298  356  397  372  408  377  306  315  368  316  310  780  767  772  816  780  125  150  152  128  156  667  624  659  699  630  705  685  708  729  723  538  521  546  570  552  0    31   6    58   37  
349  345  364  348  380  245  290  284  293  282  836  858  863  843  853  348  367  313  332  346  894  923  945  910  892  71   81   67   70   73   631  632  656  646  634  477  451  481  474  468  875  876  843  876  856  846  828  813  859  812  76   23   81   69   60   598  616  593  596  599  549  508  485  539  554  362  351  370  393  382  506  496  515  490  484  581  565  603  589  587  326  341  277  324  309  358  400  373  410  380  322  329  384  332  326  806  793  798  841  806  108  134  131  102  140  672  628  664  705  635  729  708  733  752  747  568  551  576  599  581  31   0    26   28   50  
327  323  342  325  360  236  280  275  281  270  817  840  844  824  834  325  346  290  309  322  886  914  936  901  883  96   108  94   95   100  626  625  649  639  628  472  447  475  471  462  854  854  821  855  834  821  804  789  835  789  82   43   89   89   64   597  614  591  595  596  529  491  466  520  535  373  361  383  403  393  481  472  490  465  459  555  538  576  563  561  315  327  266  314  297  359  400  375  411  380  311  320  373  321  315  786  773  778  822  786  120  144  146  122  151  670  627  663  703  633  711  691  714  734  729  542  525  550  574  556  6    26   0    54   41  
366  362  381  367  394  248  294  288  299  289  850  871  877  857  867  376  394  341  360  374  895  923  946  911  892  51   54   40   42   49   629  631  655  646  632  476  448  479  470  467  892  893  860  893  873  866  848  832  879  832  70   18   72   46   59   590  609  587  589  594  565  520  499  552  568  344  334  350  375  364  529  518  537  512  507  609  592  630  617  615  347  364  299  344  332  350  392  364  401  373  328  333  388  336  331  821  807  812  854  820  112  137  128  94   143  665  621  657  699  628  742  720  745  764  760  597  579  604  628  610  58   28   54   0    65  
301  297  316  302  330  196  240  235  243  232  786  808  814  793  803  347  371  312  331  341  846  874  896  861  843  116  116  103  95   113  585  584  608  598  587  431  406  434  429  421  827  828  795  828  808  801  783  767  814  767  48   47   58   77   32   556  573  550  554  555  500  458  435  489  504  338  325  351  367  358  465  453  473  447  443  556  538  575  562  565  352  363  303  353  333  319  359  334  370  339  272  280  334  282  276  757  743  748  791  756  158  183  181  153  189  629  586  622  662  592  679  658  682  702  697  550  532  559  583  565  37   50   41   65   0   
0          17685
144        221
14         47
0          117
128        137
10458      10564
10425      10464
10527      10582
10471      10509
10424      10475
5893       5993
5962       6003
6012       6071
5857       5931
5908       5987
551        648
612        746
499        563
686        758
608        645
16634      16752
16828      16863
16753      16792
16694      16802
16763      16866
2951       3068
2889       2949
2890       2947
2942       2977
2977       3059
15463      15547
15355      15429
15405      15437
15465      15525
15392      15447
8264       8344
8281       8388
8343       8412
8343       8415
8276       8368
13028      13077
12993      13075
13036      13130
13116      13150
12947      13069
3954       4023
3888       3988
3848       3929
4061       4132
3949       4037
4896       4927
4897       5021
5007       5037
5009       5083
4893       4952
11810      11920
11874      11925
11917      12010
11802      11908
11911      11982
14915      14998
14933      15016
14759      14897
14871      14921
15062      15118
15916      15983
15890      15954
15949      16026
16058      16067
15916      15964
2331       2401
2299       2330
2239       2305
2245       2298
2254       2338
1063       1158
1012       1049
1143       1189
1023       1081
1090       1128
9875       9942
9666       9767
9809       9849
9738       9810
9697       9772
12265      12303
12148      12185
12184      12265
12174      12270
12142      12243
14440      14524
14508      14550
14516      14641
14581      14674
14464      14484
1753       1807
1690       1757
1712       1787
1767       1894
1824       1953
10898      11013
11111      11124
10966      11083
11041      11081
10955      11050
8702       8778
8614       8649
8566       8665
8674       8743
8513       8644
7696       7774
7832       7849
7741       7843
7835       7950
7707       7793
13775      13810
13754      13860
13861      13909
13835      13899
13810      13840
6836       6878
6868       6948
7015       7106
6888       6986
6965       7048
