100
0    8    16   27   58   35   18   19   21   20   187  211  172  193  170  166  163  199  182  165  485  523  541  506  478  494  507  515  534  502  361  368  344  359  360  371  393  367  369  383  679  663  655  689  658  645  658  662  657  661  400  435  406  450  401  416  386  401  406  372  399  441  393  429  426  440  431  445  472  460  313  341  316  334  320  314  336  322  326  283  517  527  532  497  528  490  518  488  516  516  475  463  511  475  472  482  465  470  500  484 
8    0    19   34   54   31   16   13   25   27   179  203  164  185  162  159  156  191  174  157  488  524  543  509  480  497  509  517  536  504  364  372  348  363  363  375  396  370  372  386  676  660  652  686  655  643  655  659  655  658  395  431  401  445  396  411  381  397  402  368  395  435  388  424  421  435  426  439  466  455  306  334  309  327  313  307  329  316  319  276  521  531  535  500  532  494  522  492  520  520  480  468  515  480  477  488  471  476  505  490 
16   19   0    38   45   50   9    18   7    19   192  213  176  197  175  171  171  203  186  166  469  506  524  490  462  478  491  499  518  486  376  383  358  373  375  385  408  381  384  397  664  649  641  675  644  631  644  648  642  647  414  450  420  464  415  430  400  416  421  387  387  430  383  418  414  429  419  435  460  449  306  334  308  327  313  307  329  313  318  277  502  512  516  481  513  475  503  473  501  501  462  449  497  462  459  470  453  457  487  471 
27   34   38   0    83   43   43   46   37   23   206  233  194  213  191  187  179  221  203  188  495  534  550  515  488  503  518  525  545  512  339  345  321  335  338  348  371  344  347  359  702  686  679  712  681  668  681  685  680  685  403  435  410  453  402  417  387  401  407  370  425  467  420  455  452  467  457  471  498  487  340  368  343  361  347  341  363  349  353  310  522  530  539  501  533  492  523  492  521  519  472  461  510  473  469  478  462  467  499  480 
58   54   45   83   0    79   40   41   49   64   176  188  155  178  157  155  165  181  168  142  448  481  502  470  439  457  467  477  495  464  418  426  402  417  418  429  450  425  426  441  621  606  597  632  600  588  601  604  600  604  424  464  429  474  427  443  413  430  434  403  342  385  338  372  368  383  374  389  415  403  262  290  264  283  270  263  285  269  274  234  489  500  499  468  499  464  490  461  487  489  462  447  491  460  458  471  454  458  483  473 
35   31   50   43   79   0    46   39   56   52   164  193  154  171  149  145  135  180  161  149  519  555  574  540  511  528  540  549  567  536  341  352  328  344  342  355  374  350  349  366  699  684  674  710  678  666  678  681  679  680  365  400  371  415  366  381  351  366  371  337  413  449  401  440  438  450  442  452  482  470  315  342  319  334  319  315  336  326  328  282  552  562  566  532  563  525  553  523  551  551  509  498  546  510  507  517  500  505  535  518 
18   16   9    43   40   46   0    9    17   27   183  204  166  188  166  162  163  193  177  157  472  508  527  494  464  481  493  502  521  489  379  386  362  377  378  389  411  385  387  401  661  645  637  671  640  627  640  644  639  643  408  445  414  458  409  425  395  411  416  382  382  424  377  412  408  423  413  428  454  443  298  326  300  319  305  299  321  306  310  268  507  517  520  486  517  480  508  478  505  506  469  456  503  468  465  477  460  464  493  478 
19   13   18   46   41   39   9    0    26   34   173  195  158  179  157  153  153  185  168  149  480  516  535  502  472  489  501  510  528  497  376  385  361  376  376  388  409  383  384  399  663  648  639  674  642  630  643  646  642  645  399  436  404  449  400  416  386  402  407  373  382  422  375  411  408  422  413  426  453  442  294  322  297  315  301  295  317  303  307  264  516  526  529  495  526  489  517  487  514  515  478  465  512  478  475  486  469  474  502  488 
21   25   7    37   49   56   17   26   0    14   200  221  183  205  183  179  179  210  194  174  464  502  520  486  457  473  487  495  514  481  376  382  358  372  375  385  408  381  384  396  665  649  642  675  644  631  644  649  643  648  420  456  427  470  421  437  407  422  427  393  390  434  387  421  416  433  422  438  464  453  311  339  313  332  318  312  334  318  323  282  496  506  511  476  507  469  497  467  495  495  455  443  490  455  452  463  446  450  480  464 
20   27   19   23   64   52   27   34   14   0    206  229  191  212  190  186  183  218  201  183  473  511  529  494  466  482  496  503  523  490  362  368  344  358  361  371  394  367  370  382  679  663  656  689  659  645  659  663  657  662  418  451  424  468  418  433  403  417  423  388  405  449  402  435  431  447  437  453  478  467  325  353  327  346  332  326  348  332  337  296  502  511  518  482  514  474  503  473  502  500  457  445  493  457  454  464  447  452  483  465 
187  179  192  206  176  164  183  173  200  206  0    43   27   13   18   21   41   26   12   45   595  620  647  618  585  605  610  621  636  609  431  453  432  451  435  455  465  450  437  468  667  656  638  680  644  641  645  644  655  643  283  334  286  331  291  310  282  303  305  285  362  369  325  376  381  380  379  369  411  397  225  244  232  234  218  219  234  243  238  183  650  663  654  628  658  629  651  623  646  653  636  620  661  633  631  646  628  633  654  648 
211  203  213  233  188  193  204  195  221  229  43   0    39   30   47   52   84   17   37   46   583  605  633  606  572  593  595  607  621  596  474  496  475  494  479  498  508  493  481  511  630  620  601  644  608  606  609  607  620  606  311  364  313  357  321  340  314  335  336  320  326  328  284  337  343  340  340  327  371  357  184  203  192  192  176  177  192  203  198  142  644  658  644  622  650  625  644  618  638  648  639  622  660  636  634  650  632  636  655  653 
172  164  176  194  155  154  166  158  183  191  27   39   0    23   12   16   55   27   15   18   568  593  620  591  558  578  583  594  609  582  441  462  440  458  445  464  475  458  448  477  644  632  615  657  621  617  622  621  631  620  310  360  313  358  318  336  309  329  331  310  340  350  305  355  359  360  358  350  391  378  206  227  213  217  201  201  218  223  220  165  624  637  627  602  631  604  625  597  619  627  612  596  636  609  608  622  604  609  630  625 
193  185  197  213  178  171  188  179  205  212  13   30   23   0    22   26   54   13   10   40   590  615  642  614  580  601  605  616  631  604  444  466  444  464  448  468  478  462  450  481  656  645  626  669  633  630  634  632  644  632  292  343  294  338  300  319  292  313  314  296  351  356  312  364  369  368  367  356  399  385  212  232  220  221  205  206  221  231  226  171  647  660  650  626  654  627  648  621  642  651  636  619  660  633  631  646  628  633  653  649 
170  162  175  191  157  149  166  157  183  190  18   47   12   22   0    5    42   31   11   29   577  602  629  600  567  587  592  603  618  591  430  451  429  448  434  453  464  448  437  466  656  645  628  670  634  630  635  634  643  633  299  349  302  347  307  325  297  318  319  298  352  363  318  368  372  373  370  363  404  390  218  240  225  230  213  213  230  236  232  177  631  644  635  610  639  610  632  605  627  634  617  601  642  614  612  627  609  614  635  629 
166  159  171  187  155  145  162  153  179  186  21   52   16   26   5    0    38   35   16   31   577  603  629  600  567  587  592  603  618  591  425  446  424  443  429  448  459  443  432  461  659  648  631  673  637  633  638  637  646  636  298  347  301  346  305  323  295  316  318  296  356  367  322  371  376  377  374  367  408  394  223  244  229  234  217  217  234  240  236  182  630  643  635  609  638  609  631  604  626  633  615  599  641  613  611  625  607  612  634  627 
163  156  171  179  165  135  163  153  179  183  41   84   55   54   42   38   0    66   48   68   601  629  654  624  591  611  617  628  644  615  390  412  390  409  394  414  424  408  396  427  697  685  669  710  675  670  676  675  683  674  268  315  272  318  274  292  263  283  286  262  394  405  360  410  414  415  412  405  446  433  261  282  268  272  255  256  272  278  275  220  650  662  657  629  659  627  651  623  647  652  627  612  656  625  623  636  618  623  648  638 
199  191  203  221  181  180  193  185  210  218  26   17   27   13   31   35   66   0    20   39   586  610  637  610  576  596  600  611  626  599  457  478  457  476  461  481  490  475  463  494  644  634  615  658  622  619  623  621  633  620  300  353  302  347  310  328  301  323  324  306  340  344  300  352  358  356  355  343  387  373  200  219  207  209  192  193  209  219  214  158  645  658  646  623  652  625  645  619  640  649  636  619  659  633  632  647  629  633  653  649 
182  174  186  203  168  161  177  168  194  201  12   37   15   10   11   16   48   20   0    33   583  608  635  606  573  593  598  609  624  597  438  459  438  457  442  462  472  456  444  475  655  644  626  668  632  629  633  632  642  631  296  347  298  343  304  323  295  316  317  298  350  358  314  364  370  369  367  358  400  386  214  234  221  224  208  208  224  232  228  173  639  652  642  617  646  618  640  612  634  642  626  610  651  624  622  636  619  623  644  639 
165  157  166  188  142  149  157  149  174  183  45   46   18   40   29   31   68   39   33   0    550  575  602  573  540  560  565  576  591  564  449  468  446  464  452  471  483  465  456  483  628  617  600  642  606  601  607  606  615  605  328  378  331  376  336  354  326  347  349  327  325  338  293  341  345  347  344  339  379  365  195  217  201  208  191  190  208  211  208  154  607  620  609  585  614  587  607  580  602  610  596  580  620  594  592  607  589  594  613  610 
485  488  469  495  448  519  472  480  464  473  595  583  568  590  577  577  601  586  583  550  0    53   55   23   13   10   31   32   54   19   806  799  776  783  801  802  832  799  814  809  429  408  429  427  421  390  419  435  392  435  869  911  873  918  873  890  860  878  882  851  398  477  461  435  415  451  433  487  460  463  490  506  483  510  513  501  514  475  489  507  101  120  70   87   93   120  99   101  86   119  222  196  178  208  213  238  228  228  190  244 
523  524  506  534  481  555  508  516  502  511  620  605  593  615  602  603  629  610  608  575  53   0    38   52   51   52   21   28   19   35   851  845  822  830  847  848  878  846  859  856  388  367  391  384  381  350  380  395  350  396  898  942  902  947  903  920  891  909  913  884  392  469  458  426  406  442  424  478  447  451  498  510  490  516  520  508  519  481  495  518  138  157  94   131  125  166  136  147  122  159  270  246  222  256  262  286  278  277  236  292 
541  543  524  550  502  574  527  535  520  529  647  633  620  642  629  629  654  637  635  602  55   38   0    38   62   47   37   26   19   38   861  854  831  838  856  856  887  854  869  864  421  400  425  416  415  383  413  430  383  430  922  965  926  971  927  944  914  932  936  906  429  506  495  463  444  479  461  516  485  489  532  545  524  550  554  542  554  515  529  551  110  127  62   107  95   142  108  125  94   131  249  225  195  234  240  263  257  256  210  269 
506  509  490  515  470  540  494  502  486  494  618  606  591  614  600  600  624  610  606  573  23   52   38   0    35   13   33   24   44   20   824  816  793  800  818  819  849  816  831  826  438  417  440  435  431  400  429  445  401  445  891  934  896  941  895  912  882  900  904  873  419  498  483  455  436  472  454  508  480  483  514  529  506  533  536  524  537  498  512  530  88   107  49   79   77   114  86   95   72   108  219  194  170  204  210  234  226  225  184  240 
478  480  462  488  439  511  464  472  457  466  585  572  558  580  567  567  591  576  573  540  13   51   62   35   0    23   31   37   57   24   802  795  772  780  797  798  828  796  810  806  419  398  418  417  410  380  409  424  382  424  859  902  864  909  864  881  851  869  873  843  385  464  448  421  402  438  420  474  446  449  478  493  470  497  500  488  501  462  476  494  113  133  83   99   106  131  112  112  99   132  231  205  189  217  222  247  237  237  201  253 
494  497  478  503  457  528  481  489  473  482  605  593  578  601  587  587  611  596  593  560  10   52   47   13   23   0    31   27   49   16   813  806  783  790  808  809  839  806  821  816  434  413  435  431  426  395  424  440  397  440  878  921  883  928  883  899  870  887  891  861  408  487  471  444  425  461  443  497  469  472  501  516  493  520  523  511  524  485  499  517  94   113  60   82   85   116  92   97   78   113  219  194  174  205  210  235  226  226  186  241 
507  509  491  518  467  540  493  501  487  496  610  595  583  605  592  592  617  600  598  565  31   21   37   33   31   31   0    14   27   15   833  827  804  811  828  829  859  827  841  837  404  383  406  401  397  366  395  411  367  411  886  930  890  935  891  908  878  896  900  870  394  471  459  429  409  445  427  481  451  455  494  508  486  513  516  505  516  478  492  513  122  141  81   112  110  147  120  128  106  142  250  225  204  236  242  266  258  257  217  272 
515  517  499  525  477  549  502  510  495  503  621  607  594  616  603  603  628  611  609  576  32   28   26   24   37   27   14   0    22   13   838  831  808  816  833  834  864  831  846  842  415  394  418  412  408  377  407  423  378  423  896  939  900  945  901  918  888  906  910  880  408  486  473  443  423  459  441  496  466  469  508  522  500  526  530  518  530  491  505  526  110  129  67   103  98   138  109  119  94   131  243  218  194  228  234  258  250  250  208  264 
534  536  518  545  495  567  521  528  514  523  636  621  609  631  618  618  644  626  624  591  54   19   19   44   57   49   27   22   0    35   859  853  830  837  854  856  885  853  867  863  402  382  406  398  396  365  395  411  365  411  913  957  917  962  917  935  905  923  927  897  411  488  477  445  426  461  443  498  466  471  516  529  508  534  538  527  538  500  513  536  126  143  79   121  112  156  124  138  110  147  262  238  211  248  253  277  270  269  225  283 
502  504  486  512  464  536  489  497  481  490  609  596  582  604  591  591  615  599  597  564  19   35   38   20   24   16   15   13   35   0    825  818  795  802  819  820  850  818  832  828  419  398  420  416  411  380  410  425  381  425  884  927  888  933  888  905  875  893  897  867  401  480  466  437  418  454  435  490  461  464  498  513  491  518  521  509  521  483  497  516  107  127  69   97   97   132  106  113  92   127  235  210  189  221  227  251  243  242  202  257 
361  364  376  339  418  341  379  376  376  362  431  474  441  444  430  425  390  457  438  449  806  851  861  824  802  813  833  838  859  825  0    37   41   52   12   37   33   32   7    48   1040 1025 1016 1051 1019 1007 1019 1023 1019 1022 375  358  385  403  361  360  345  338  348  309  753  782  735  778  778  787  781  784  819  806  642  666  647  657  640  638  657  656  655  603  808  811  837  791  823  772  810  777  812  799  716  716  771  723  717  716  704  709  756  715 
368  372  383  345  426  352  386  385  382  368  453  496  462  466  451  446  412  478  459  468  799  845  854  816  795  806  827  831  853  818  37   0    24   19   25   2    36   5    38   15   1047 1032 1024 1058 1027 1014 1027 1031 1025 1030 411  395  421  440  397  397  381  375  385  346  765  797  750  792  790  801  794  800  833  821  658  684  663  674  658  656  675  672  672  621  796  799  827  780  812  760  798  766  801  787  700  701  756  707  701  699  687  692  740  697 
344  348  358  321  402  328  362  361  358  344  432  475  440  444  429  424  390  457  438  446  776  822  831  793  772  783  804  808  830  795  41   24   0    20   30   27   55   23   46   38   1023 1008 1000 1033 1002 989  1003 1007 1001 1006 402  389  412  433  389  389  372  367  377  337  741  774  727  768  767  778  770  777  809  797  636  661  640  652  636  633  653  649  649  598  775  777  804  758  790  739  777  744  780  766  680  681  736  687  681  680  668  672  720  678 
359  363  373  335  417  344  377  376  372  358  451  494  458  464  448  443  409  476  457  464  783  830  838  800  780  790  811  816  837  802  52   19   20   0    40   21   55   22   55   26   1037 1021 1014 1047 1017 1003 1017 1021 1015 1020 421  408  431  451  408  408  391  386  396  356  757  791  744  784  783  794  786  794  826  814  653  679  658  670  654  651  671  666  667  616  780  782  810  763  795  743  781  749  785  770  682  683  738  689  684  681  669  674  722  679 
360  363  375  338  418  342  378  376  375  361  435  479  445  448  434  429  394  461  442  452  801  847  856  818  797  808  828  833  854  819  12   25   30   40   0    26   32   20   16   37   1040 1024 1016 1050 1019 1006 1019 1022 1018 1022 385  370  396  414  372  371  356  349  359  320  754  784  737  780  779  789  782  786  821  808  644  669  650  660  643  641  660  658  658  606  802  804  830  785  817  765  803  771  806  793  708  709  764  715  710  708  696  701  748  707 
371  375  385  348  429  355  389  388  385  371  455  498  464  468  453  448  414  481  462  471  802  848  856  819  798  809  829  834  856  820  37   2    27   21   26   0    34   6    38   13   1050 1035 1027 1060 1029 1016 1030 1034 1028 1033 412  396  422  440  398  398  382  376  385  347  768  800  753  794  793  804  796  803  836  823  661  686  666  677  661  658  678  675  675  623  799  801  829  783  814  762  801  768  804  789  702  703  759  709  704  701  690  695  743  700 
393  396  408  371  450  374  411  409  408  394  465  508  475  478  464  459  424  490  472  483  832  878  887  849  828  839  859  864  885  850  33   36   55   55   32   34   0    33   27   34   1072 1057 1048 1082 1051 1039 1052 1055 1051 1054 399  379  410  425  385  383  369  361  371  334  786  816  769  812  811  821  814  818  852  840  675  700  681  690  674  672  691  690  689  637  831  833  860  814  846  794  832  800  836  822  735  736  791  742  737  735  723  728  776  733 
367  370  381  344  425  350  385  383  381  367  450  493  458  462  448  443  408  475  456  465  799  846  854  816  796  806  827  831  853  818  32   5    23   22   20   6    33   0    33   19   1046 1030 1023 1056 1025 1012 1026 1029 1024 1029 406  390  416  435  392  392  376  370  380  341  763  795  748  789  788  799  792  797  831  818  656  681  661  672  655  653  672  669  669  618  797  800  827  781  813  761  799  767  802  788  701  702  758  708  703  701  689  694  742  699 
369  372  384  347  426  349  387  384  384  370  437  481  448  450  437  432  396  463  444  456  814  859  869  831  810  821  841  846  867  832  7    38   46   55   16   38   27   33   0    47   1048 1032 1024 1058 1027 1015 1027 1030 1026 1030 377  359  387  404  363  361  347  340  349  311  761  789  742  785  785  794  788  791  826  814  649  673  654  663  647  645  664  663  662  610  816  818  844  799  831  780  817  785  820  807  723  723  778  730  725  723  711  716  763  722 
383  386  397  359  441  366  401  399  396  382  468  511  477  481  466  461  427  494  475  483  809  856  864  826  806  816  837  842  863  828  48   15   38   26   37   13   34   19   47   0    1061 1046 1038 1071 1041 1027 1041 1045 1039 1044 423  406  433  451  409  408  393  386  396  358  780  812  765  806  805  816  809  815  848  835  674  699  679  690  673  671  690  687  687  636  805  807  836  789  821  769  807  775  811  796  707  709  764  714  709  706  695  699  748  704 
679  676  664  702  621  699  661  663  665  679  667  630  644  656  656  659  697  644  655  628  429  388  421  438  419  434  404  415  402  419  1040 1047 1023 1037 1040 1050 1072 1046 1048 1061 0    21   32   17   22   40   21   29   37   30   938  993  937  979  949  968  943  965  965  951  304  321  353  298  288  299  295  327  275  289  450  440  441  450  465  459  452  429  438  491  526  545  482  516  514  550  524  531  510  546  649  623  608  635  640  665  654  654  620  671 
663  660  649  686  606  684  645  648  649  663  656  620  632  645  645  648  685  634  644  617  408  367  400  417  398  413  383  394  382  398  1025 1032 1008 1021 1024 1035 1057 1030 1032 1046 21   0    37   25   22   19   20   37   17   38   929  984  929  970  940  959  934  956  956  941  294  316  346  290  279  293  287  322  270  284  442  433  433  443  457  451  445  421  430  482  505  524  461  495  493  529  503  510  489  525  628  601  587  614  619  644  633  633  599  650 
655  652  641  679  597  674  637  639  642  656  638  601  615  626  628  631  669  615  626  600  429  391  425  440  418  435  406  418  406  420  1016 1024 1000 1014 1016 1027 1048 1023 1024 1038 32   37   0    49   14   44   16   6    52   6    907  963  907  948  919  938  913  935  935  921  275  289  322  267  258  268  264  294  243  257  420  409  411  419  434  429  421  399  408  460  528  547  485  517  516  550  526  531  512  548  647  620  608  633  638  663  651  652  619  669 
689  686  675  712  632  710  671  674  675  689  680  644  657  669  670  673  710  658  668  642  427  384  416  435  417  431  401  412  398  416  1051 1058 1033 1047 1050 1060 1082 1056 1058 1071 17   25   49   0    37   44   36   46   36   47   952  1007 952  994  964  982  957  980  979  965  318  337  368  313  303  315  310  343  291  305  465  455  456  466  480  474  467  444  453  505  523  541  478  514  510  547  521  528  507  543  648  621  605  634  639  664  653  653  618  670 
658  655  644  681  600  678  640  642  644  659  644  608  621  633  634  637  675  622  632  606  421  381  415  431  410  426  397  408  396  411  1019 1027 1002 1017 1019 1029 1051 1025 1027 1041 22   22   14   37   0    32   2    15   38   16   915  970  915  956  927  945  921  943  943  928  282  299  331  275  265  277  272  305  253  267  428  418  419  428  443  437  430  407  416  468  519  538  475  508  507  541  517  522  503  539  639  612  600  626  630  655  644  644  611  661 
645  643  631  668  588  666  627  630  631  645  641  606  617  630  630  633  670  619  629  601  390  350  383  400  380  395  366  377  365  380  1007 1014 989  1003 1006 1016 1039 1012 1015 1027 40   19   44   44   32   0    30   47   14   48   915  970  915  957  926  945  919  941  942  926  280  306  334  279  267  282  275  312  261  274  428  420  419  430  444  438  432  407  417  468  488  507  444  477  476  511  486  492  472  508  609  583  569  596  600  626  614  615  581  632 
658  655  644  681  601  678  640  643  644  659  645  609  622  634  635  638  676  623  633  607  419  380  413  429  409  424  395  407  395  410  1019 1027 1003 1017 1019 1030 1052 1026 1027 1041 21   20   16   36   2    30   0    17   36   18   916  972  916  958  928  947  922  944  944  929  283  301  332  277  267  279  274  306  254  268  429  419  420  429  444  438  431  408  417  469  517  536  474  507  505  540  516  521  501  537  638  611  598  624  629  654  643  643  610  660 
662  659  648  685  604  681  644  646  649  663  644  607  621  632  634  637  675  621  632  606  435  395  430  445  424  440  411  423  411  425  1023 1031 1007 1021 1022 1034 1055 1029 1030 1045 29   37   6    46   15   47   17   0    53   1    913  968  912  954  925  943  919  941  941  927  281  294  328  273  264  273  269  299  248  262  426  415  417  425  440  434  427  405  413  466  533  552  490  522  521  555  531  536  517  553  652  626  613  639  643  669  657  657  625  675 
657  655  642  680  600  679  639  642  643  657  655  620  631  644  643  646  683  633  642  615  392  350  383  401  382  397  367  378  365  381  1019 1025 1001 1015 1018 1028 1051 1024 1026 1039 37   17   52   36   38   14   36   53   0    54   929  984  929  971  940  959  933  955  956  940  294  321  349  293  281  297  290  327  275  289  443  435  434  445  459  452  447  422  431  482  489  507  444  479  476  513  487  493  473  509  612  586  571  599  603  628  617  618  583  634 
661  658  647  685  604  680  643  645  648  662  643  606  620  632  633  636  674  620  631  605  435  396  430  445  424  440  411  423  411  425  1022 1030 1006 1020 1022 1033 1054 1029 1030 1044 30   38   6    47   16   48   18   1    54   0    912  968  912  953  924  943  918  940  940  926  280  293  327  272  263  272  269  298  247  261  425  414  416  424  439  433  426  404  412  465  533  552  490  522  522  555  532  536  517  553  652  626  614  639  643  669  657  658  625  675 
400  395  414  403  424  365  408  399  420  418  283  311  310  292  299  298  268  300  296  328  869  898  922  891  859  878  886  896  913  884  375  411  402  421  385  412  399  406  377  423  938  929  907  952  915  915  916  913  929  912  0    57   10   50   17   33   30   44   37   65   634  623  585  640  649  641  643  621  669  655  487  499  496  488  473  478  487  508  499  447  913  924  923  892  923  887  914  884  911  913  875  863  911  875  872  882  865  870  901  883 
435  431  450  435  464  400  445  436  456  451  334  364  360  343  349  347  315  353  347  378  911  942  965  934  902  921  930  939  957  927  358  395  389  408  370  396  379  390  359  406  993  984  963  1007 970  970  972  968  984  968  57   0    61   47   43   25   51   34   29   65   689  680  641  696  704  697  699  677  725  711  542  555  551  544  529  534  543  563  555  502  952  962  963  931  962  925  953  923  950  951  906  896  945  908  904  913  896  901  935  914 
406  401  420  410  429  371  414  404  427  424  286  313  313  294  302  301  272  302  298  331  873  902  926  896  864  883  890  900  917  888  385  421  412  431  396  422  410  416  387  433  937  929  907  952  915  915  916  912  929  912  10   61   0    45   26   38   40   53   45   75   634  622  585  639  649  640  643  619  668  654  487  498  495  487  472  478  486  507  499  447  918  929  928  897  928  893  919  890  916  918  881  870  917  882  879  888  872  877  907  890 
450  445  464  453  474  415  458  449  470  468  331  357  358  338  347  346  318  347  343  376  918  947  971  941  909  928  935  945  962  933  403  440  433  451  414  440  425  435  404  451  979  970  948  994  956  957  958  954  971  953  50   47   45   0    51   43   68   65   56   98   677  662  625  681  690  681  684  659  708  694  528  539  537  528  513  519  527  549  540  489  963  974  973  942  973  938  964  935  961  963  925  913  961  925  922  931  915  920  951  933 
401  396  415  402  427  366  409  400  421  418  291  321  318  300  307  305  274  310  304  336  873  903  927  895  864  883  891  901  917  888  361  397  389  408  372  398  385  392  363  409  949  940  919  964  927  926  928  925  940  924  17   43   26   51   0    18   17   27   20   51   645  636  597  652  661  653  655  633  682  667  499  511  507  500  485  490  499  519  511  458  916  926  926  895  926  889  917  887  914  915  875  864  912  875  872  881  865  870  901  882 
416  411  430  417  443  381  425  416  437  433  310  340  336  319  325  323  292  328  323  354  890  920  944  912  881  899  908  918  935  905  360  397  389  408  371  398  383  392  361  408  968  959  938  982  945  945  947  943  959  943  33   25   38   43   18   0    30   22   12   54   664  655  616  671  679  672  674  652  700  686  517  530  526  519  504  509  518  538  530  477  932  942  943  911  942  905  933  903  930  931  889  878  927  890  886  895  879  884  916  896 
386  381  400  387  413  351  395  386  407  403  282  314  309  292  297  295  263  301  295  326  860  891  914  882  851  870  878  888  905  875  345  381  372  391  356  382  369  376  347  393  943  934  913  957  921  919  922  919  933  918  30   51   40   68   17   30   0    22   22   35   639  632  592  647  655  648  650  629  677  663  493  506  502  496  480  485  495  513  506  452  902  912  913  881  912  875  903  873  900  901  859  848  897  860  857  866  849  854  886  867 
401  397  416  401  430  366  411  402  422  417  303  335  329  313  318  316  283  323  316  347  878  909  932  900  869  887  896  906  923  893  338  375  367  386  349  376  361  370  340  386  965  956  935  980  943  941  944  941  955  940  44   34   53   65   27   22   22   0    9    33   661  654  615  669  677  671  672  652  699  685  515  529  524  518  503  507  517  536  528  474  918  928  930  897  928  891  919  889  916  917  873  862  911  874  870  879  862  867  901  880 
406  402  421  407  434  371  416  407  427  423  305  336  331  314  319  318  286  324  317  349  882  913  936  904  873  891  900  910  927  897  348  385  377  396  359  385  371  380  349  396  965  956  935  979  943  942  944  941  956  940  37   29   45   56   20   12   22   9    0    42   661  653  614  668  677  670  671  651  699  684  515  528  523  517  502  506  516  535  527  474  923  933  934  902  933  896  924  894  921  922  879  868  917  880  876  885  869  874  906  886 
372  368  387  370  403  337  382  373  393  388  285  320  310  296  298  296  262  306  298  327  851  884  906  873  843  861  870  880  897  867  309  346  337  356  320  347  334  341  311  358  951  941  921  965  928  926  929  927  940  926  65   65   75   98   51   54   35   33   42   0    646  643  602  656  663  658  659  641  688  674  502  517  511  507  491  494  506  522  515  461  889  899  902  868  900  862  890  860  888  888  842  832  881  843  840  848  831  836  870  848 
399  395  387  425  342  413  382  382  390  405  362  326  340  351  352  356  394  340  350  325  398  392  429  419  385  408  394  408  411  401  753  765  741  757  754  768  786  763  761  780  304  294  275  318  282  280  283  281  294  280  634  689  634  677  645  664  639  661  661  646  0    80   68   41   28   58   41   89   81   76   149  145  140  154  166  159  157  127  138  187  492  511  468  473  489  494  491  478  480  506  560  534  548  550  552  575  559  562  551  580 
441  435  430  467  385  449  424  422  434  449  369  328  350  356  363  367  405  344  358  338  477  469  506  498  464  487  471  486  488  480  782  797  774  791  784  800  816  795  789  812  321  316  289  337  299  306  301  294  321  293  623  680  622  662  636  655  632  654  653  643  80   0    47   42   62   28   44   10   46   32   144  125  137  136  152  150  137  127  130  185  572  591  547  552  569  574  571  558  559  586  639  614  628  629  631  655  638  641  631  660 
393  388  383  420  338  401  377  375  387  402  325  284  305  312  318  322  360  300  314  293  461  458  495  483  448  471  459  473  477  466  735  750  727  744  737  753  769  748  742  765  353  346  322  368  331  334  332  328  349  327  585  641  585  625  597  616  592  615  614  602  68   47   0    55   69   55   58   51   86   72   100  86   92   97   112  107  98   81   87   142  553  571  531  533  551  552  552  537  541  566  612  587  604  602  604  627  610  613  606  632 
429  424  418  455  372  440  412  411  421  435  376  337  355  364  368  371  410  352  364  341  435  426  463  455  421  444  429  443  445  437  778  792  768  784  780  794  812  789  785  806  298  290  267  313  275  279  277  273  293  272  640  696  639  681  652  671  647  669  668  656  41   42   55   0    19   17   3    52   43   35   153  142  145  152  167  161  154  133  140  194  530  549  505  511  527  533  529  517  517  544  600  575  588  590  592  616  600  602  591  621 
426  421  414  452  368  438  408  408  416  431  381  343  359  369  372  376  414  358  370  345  415  406  444  436  402  425  409  423  426  418  778  790  767  783  779  793  811  788  785  805  288  279  258  303  265  267  267  264  281  263  649  704  649  690  661  679  655  677  677  663  28   62   69   19   0    36   17   72   54   50   162  153  153  163  177  171  165  141  150  202  511  530  485  492  507  514  510  498  498  525  583  557  569  573  575  599  582  585  573  604 
440  435  429  467  383  450  423  422  433  447  380  340  360  368  373  377  415  356  369  347  451  442  479  472  438  461  445  459  461  454  787  801  778  794  789  804  821  799  794  816  299  293  268  315  277  282  279  273  297  272  641  697  640  681  653  672  648  671  670  658  58   28   55   17   36   0    18   37   31   20   156  142  148  152  168  163  153  137  143  198  547  566  521  528  543  550  546  534  534  561  618  592  605  608  610  634  617  620  609  639 
431  426  419  457  374  442  413  413  422  437  379  340  358  367  370  374  412  355  367  344  433  424  461  454  420  443  427  441  443  435  781  794  770  786  782  796  814  792  788  809  295  287  264  310  272  275  274  269  290  269  643  699  643  684  655  674  650  672  671  659  41   44   58   3    17   18   0    54   42   35   156  145  148  155  170  165  157  136  143  197  528  548  503  510  525  532  528  516  516  543  600  574  586  589  592  615  599  602  590  621 
445  439  435  471  389  452  428  426  438  453  369  327  350  356  363  367  405  343  358  339  487  478  516  508  474  497  481  496  498  490  784  800  777  794  786  803  818  797  791  815  327  322  294  343  305  312  306  299  327  298  621  677  619  659  633  652  629  652  651  641  89   10   51   52   72   37   54   0    51   38   144  124  138  135  151  150  135  128  130  185  582  601  557  562  579  584  581  568  569  596  649  623  638  639  641  664  648  650  641  669 
472  466  460  498  415  482  454  453  464  478  411  371  391  399  404  408  446  387  400  379  460  447  485  480  446  469  451  466  466  461  819  833  809  826  821  836  852  831  826  848  275  270  243  291  253  261  254  248  275  247  669  725  668  708  682  700  677  699  699  688  81   46   86   43   54   31   42   51   0    14   186  170  179  181  197  193  182  168  173  228  557  577  529  539  553  563  556  546  544  572  634  608  618  624  626  650  634  636  623  655 
460  455  449  487  403  470  443  442  453  467  397  357  378  385  390  394  433  373  386  365  463  451  489  483  449  472  455  469  471  464  806  821  797  814  808  823  840  818  814  835  289  284  257  305  267  274  268  262  289  261  655  711  654  694  667  686  663  685  684  674  76   32   72   35   50   20   35   38   14   0    172  156  165  166  182  179  168  154  159  214  559  579  532  541  555  564  558  548  546  574  633  608  619  623  625  649  633  635  623  654 
313  306  306  340  262  315  298  294  311  325  225  184  206  212  218  223  261  200  214  195  490  498  532  514  478  501  494  508  516  498  642  658  636  653  644  661  675  656  649  674  450  442  420  465  428  428  429  426  443  425  487  542  487  528  499  517  493  515  515  502  149  144  100  153  162  156  156  144  186  172  0    28   9    24   22   11   27   21   13   41   572  589  559  551  573  564  572  552  562  582  608  585  611  601  601  622  604  608  610  626 
341  334  334  368  290  342  326  322  339  353  244  203  227  232  240  244  282  219  234  217  506  510  545  529  493  516  508  522  529  513  666  684  661  679  669  686  700  681  673  699  440  433  409  455  418  420  419  415  435  414  499  555  498  539  511  530  506  529  528  517  145  125  86   142  153  142  145  124  170  156  28   0    29   10   27   27   12   31   19   63   590  607  575  569  591  583  590  571  580  600  630  607  632  623  623  644  627  630  631  649 
316  309  308  343  264  319  300  297  313  327  232  192  213  220  225  229  268  207  221  201  483  490  524  506  470  493  486  500  508  491  647  663  640  658  650  666  681  661  654  679  441  433  411  456  419  419  420  417  434  416  496  551  495  537  507  526  502  524  523  511  140  137  92   145  153  148  148  138  179  165  9    29   0    28   30   20   31   12   10   49   565  582  551  544  566  558  565  546  555  575  603  580  605  595  596  617  599  603  605  621 
334  327  327  361  283  334  319  315  332  346  234  192  217  221  230  234  272  209  224  208  510  516  550  533  497  520  513  526  534  518  657  674  652  670  660  677  690  672  663  690  450  443  419  466  428  430  429  425  445  424  488  544  487  528  500  519  496  518  517  507  154  136  97   152  163  152  155  135  181  166  24   10   28   0    16   20   3    34   21   53   593  610  579  572  594  586  593  574  583  603  631  608  634  624  624  645  627  631  633  649 
320  313  313  347  270  319  305  301  318  332  218  176  201  205  213  217  255  192  208  191  513  520  554  536  500  523  516  530  538  521  640  658  636  654  643  661  674  655  647  673  465  457  434  480  443  444  444  440  459  439  473  529  472  513  485  504  480  503  502  491  166  152  112  167  177  168  170  151  197  182  22   27   30   16   0    11   17   41   28   37   594  611  581  572  595  586  594  574  584  603  628  606  632  621  621  642  624  628  631  646 
314  307  307  341  263  315  299  295  312  326  219  177  201  206  213  217  256  193  208  190  501  508  542  524  488  511  505  518  527  509  638  656  633  651  641  658  672  653  645  671  459  451  429  474  437  438  438  434  452  433  478  534  478  519  490  509  485  507  506  494  159  150  107  161  171  163  165  150  193  179  11   27   20   20   11   0    22   31   21   35   582  599  569  561  584  574  582  562  573  592  617  594  621  610  610  631  613  616  620  635 
336  329  329  363  285  336  321  317  334  348  234  192  218  221  230  234  272  209  224  208  514  519  554  537  501  524  516  530  538  521  657  675  653  671  660  678  691  672  664  690  452  445  421  467  430  432  431  427  447  426  487  543  486  527  499  518  495  517  516  506  157  137  98   154  165  153  157  135  182  168  27   12   31   3    17   22   0    38   24   54   596  614  582  575  598  590  596  577  587  607  635  612  637  627  628  649  631  635  637  653 
322  316  313  349  269  326  306  303  318  332  243  203  223  231  236  240  278  219  232  211  475  481  515  498  462  485  478  491  500  483  656  672  649  666  658  675  690  669  663  687  429  421  399  444  407  407  408  405  422  404  508  563  507  549  519  538  513  536  535  522  127  127  81   133  141  137  136  128  168  154  21   31   12   34   41   31   38   0    13   61   558  576  544  537  559  552  558  539  548  569  598  575  600  591  591  613  595  598  600  617 
326  319  318  353  274  328  310  307  323  337  238  198  220  226  232  236  275  214  228  208  489  495  529  512  476  499  492  505  513  497  655  672  649  667  658  675  689  669  662  687  438  430  408  453  416  417  417  413  431  412  499  555  499  540  511  530  506  528  527  515  138  130  87   140  150  143  143  130  173  159  13   19   10   21   28   21   24   13   0    55   572  589  558  551  573  565  572  553  562  582  611  588  613  604  604  625  608  611  613  630 
283  276  277  310  234  282  268  264  282  296  183  142  165  171  177  182  220  158  173  154  507  518  551  530  494  517  513  526  536  516  603  621  598  616  606  623  637  618  610  636  491  482  460  505  468  468  469  466  482  465  447  502  447  489  458  477  452  474  474  461  187  185  142  194  202  198  197  185  228  214  41   63   49   53   37   35   54   61   55   0    584  600  574  562  586  573  584  562  575  592  610  588  618  604  604  623  605  609  616  627 
517  521  502  522  489  552  507  516  496  502  650  644  624  647  631  630  650  645  639  607  101  138  110  88   113  94   122  110  126  107  808  796  775  780  802  799  831  797  816  805  526  505  528  523  519  488  517  533  489  533  913  952  918  963  916  932  902  918  923  889  492  572  553  530  511  547  528  582  557  559  572  590  565  593  594  582  596  558  572  584  0    19   49   21   18   39   2    30   16   21   142  121  85   128  134  155  152  150  101  161 
527  531  512  530  500  562  517  526  506  511  663  658  637  660  644  643  662  658  652  620  120  157  127  107  133  113  141  129  143  127  811  799  777  782  804  801  833  800  818  807  545  524  547  541  538  507  536  552  507  552  924  962  929  974  926  942  912  928  933  899  511  591  571  549  530  566  548  601  577  579  589  607  582  610  611  599  614  576  589  600  19   0    65   38   32   38   21   39   35   11   131  113  70   117  123  143  141  139  87   149 
532  535  516  539  499  566  520  529  511  518  654  644  627  650  635  635  657  646  642  609  70   94   62   49   83   60   81   67   79   69   837  827  804  810  830  829  860  827  844  836  482  461  485  478  475  444  474  490  444  490  923  963  928  973  926  943  913  930  934  902  468  547  531  505  485  521  503  557  529  532  559  575  551  579  581  569  582  544  558  574  49   65   0    52   33   85   46   69   34   69   190  169  134  176  182  204  200  198  150  210 
497  500  481  501  468  532  486  495  476  482  628  622  602  626  610  609  629  623  617  585  87   131  107  79   99   82   112  103  121  97   791  780  758  763  785  783  814  781  799  789  516  495  517  514  508  477  507  522  479  522  892  931  897  942  895  911  881  897  902  868  473  552  533  511  492  528  510  562  539  541  551  569  544  572  572  561  575  537  551  562  21   38   52   0    32   35   22   17   21   33   141  118  91   127  133  156  150  148  105  162 
528  532  513  533  499  563  517  526  507  514  658  650  631  654  639  638  659  652  646  614  93   125  95   77   106  85   110  98   112  97   823  812  790  795  817  814  846  813  831  821  514  493  516  510  507  476  505  521  476  522  923  962  928  973  926  942  912  928  933  900  489  569  551  527  507  543  525  579  553  555  573  591  566  594  595  584  598  559  573  586  18   32   33   32   0    57   15   46   12   37   159  139  101  145  152  173  169  167  118  179 
490  494  475  492  464  525  480  489  469  474  629  625  604  627  610  609  627  625  618  587  120  166  142  114  131  116  147  138  156  132  772  760  739  743  765  762  794  761  780  769  550  529  550  547  541  511  540  555  513  555  887  925  893  938  889  905  875  891  896  862  494  574  552  533  514  550  532  584  563  564  564  583  558  586  586  574  590  552  565  573  39   38   85   35   57   0    41   19   51   27   106  83   58   91   97   121  115  113  70   126 
518  522  503  523  490  553  508  517  497  503  651  644  625  648  632  631  651  645  640  607  99   136  108  86   112  92   120  109  124  106  810  798  777  781  803  801  832  799  817  807  524  503  526  521  517  486  516  531  487  532  914  953  919  964  917  933  903  919  924  890  491  571  552  529  510  546  528  581  556  558  572  590  565  593  594  582  596  558  572  584  2    21   46   22   15   41   0    32   14   23   144  124  87   130  136  158  154  152  103  163 
488  492  473  492  461  523  478  487  467  473  623  618  597  621  605  604  623  619  612  580  101  147  125  95   112  97   128  119  138  113  777  766  744  749  771  768  800  767  785  775  531  510  531  528  522  492  521  536  493  536  884  923  890  935  887  903  873  889  894  860  478  558  537  517  498  534  516  568  546  548  552  571  546  574  574  562  577  539  553  562  30   39   69   17   46   19   32   0    37   30   124  100  77   110  115  139  132  131  89   145 
516  520  501  521  487  551  505  514  495  502  646  638  619  642  627  626  647  640  634  602  86   122  94   72   99   78   106  94   110  92   812  801  780  785  806  804  836  802  820  811  510  489  512  507  503  472  501  517  473  517  911  950  916  961  914  930  900  916  921  888  480  559  541  517  498  534  516  569  544  546  562  580  555  583  584  573  587  548  562  575  16   35   34   21   12   51   14   37   0    37   156  135  101  142  148  170  166  164  116  176 
516  520  501  519  489  551  506  515  495  500  653  648  627  651  634  633  652  649  642  610  119  159  131  108  132  113  142  131  147  127  799  787  766  770  793  789  822  788  807  796  546  525  548  543  539  508  537  553  509  553  913  951  918  963  915  931  901  917  922  888  506  586  566  544  525  561  543  596  572  574  582  600  575  603  603  592  607  569  582  592  21   11   69   33   37   27   23   30   37   0    122  103  64   108  114  135  132  130  80   141 
475  480  462  472  462  509  469  478  455  457  636  639  612  636  617  615  627  636  626  596  222  270  249  219  231  219  250  243  262  235  716  700  680  682  708  702  735  701  723  707  649  628  647  648  639  609  638  652  612  652  875  906  881  925  875  889  859  873  879  842  560  639  612  600  583  618  600  649  634  633  608  630  603  631  628  617  635  598  611  610  142  131  190  141  159  106  144  124  156  122  0    26   64   14   9    16   12   8    45   22  
463  468  449  461  447  498  456  465  443  445  620  622  596  619  601  599  612  619  610  580  196  246  225  194  205  194  225  218  238  210  716  701  681  683  709  703  736  702  723  709  623  601  620  621  612  583  611  626  586  626  863  896  870  913  864  878  848  862  868  832  534  614  587  575  557  592  574  623  608  608  585  607  580  608  606  594  612  575  588  588  121  113  169  118  139  83   124  100  135  103  26   0    55   15   18   43   32   32   39   49  
511  515  497  510  491  546  503  512  490  493  661  660  636  660  642  641  656  659  651  620  178  222  195  170  189  174  204  194  211  189  771  756  736  738  764  759  791  758  778  764  608  587  608  605  600  569  598  613  571  614  911  945  917  961  912  927  897  911  917  881  548  628  604  588  569  605  586  638  618  619  611  632  605  634  632  621  637  600  613  618  85   70   134  91   101  58   87   77   101  64   64   55   0    52   58   74   76   72   18   79  
475  480  462  473  460  510  468  478  455  457  633  636  609  633  614  613  625  633  624  594  208  256  234  204  217  205  236  228  248  221  723  707  687  689  715  709  742  708  730  714  635  614  633  634  626  596  624  639  599  639  875  908  882  925  875  890  860  874  880  843  550  629  602  590  573  608  589  639  624  623  601  623  595  624  621  610  627  591  604  604  128  117  176  127  145  91   130  110  142  108  14   15   52   0    6    30   24   21   34   36  
472  477  459  469  458  507  465  475  452  454  631  634  608  631  612  611  623  632  622  592  213  262  240  210  222  210  242  234  253  227  717  701  681  684  710  704  737  703  725  709  640  619  638  639  630  600  629  643  603  643  872  904  879  922  872  886  857  870  876  840  552  631  604  592  575  610  592  641  626  625  601  623  596  624  621  610  628  591  604  604  134  123  182  133  152  97   136  115  148  114  9    18   58   6    0    25   18   15   40   31  
482  488  470  478  471  517  477  486  463  464  646  650  622  646  627  625  636  647  636  607  238  286  263  234  247  235  266  258  277  251  716  699  680  681  708  701  735  701  723  706  665  644  663  664  655  626  654  669  628  669  882  913  888  931  881  895  866  879  885  848  575  655  627  616  599  634  615  664  650  649  622  644  617  645  642  631  649  613  625  623  155  143  204  156  173  121  158  139  170  135  16   43   74   30   25   0    18   14   56   6   
465  471  453  462  454  500  460  469  446  447  628  632  604  628  609  607  618  629  619  589  228  278  257  226  237  226  258  250  270  243  704  687  668  669  696  690  723  689  711  695  654  633  651  653  644  614  643  657  617  657  865  896  872  915  865  879  849  862  869  831  559  638  610  600  582  617  599  648  634  633  604  627  599  627  624  613  631  595  608  605  152  141  200  150  169  115  154  132  166  132  12   32   76   24   18   18   0    5    58   21  
470  476  457  467  458  505  464  474  450  452  633  636  609  633  614  612  623  633  623  594  228  277  256  225  237  226  257  250  269  242  709  692  672  674  701  695  728  694  716  699  654  633  652  653  644  615  643  657  618  658  870  901  877  920  870  884  854  867  874  836  562  641  613  602  585  620  602  650  636  635  608  630  603  631  628  616  635  598  611  609  150  139  198  148  167  113  152  131  164  130  8    32   72   21   15   14   5    0    54   18  
500  505  487  499  483  535  493  502  480  483  654  655  630  653  635  634  648  653  644  613  190  236  210  184  201  186  217  208  225  202  756  740  720  722  748  743  776  742  763  748  620  599  619  618  611  581  610  625  583  625  901  935  907  951  901  916  886  901  906  870  551  631  606  591  573  609  590  641  623  623  610  631  605  633  631  620  637  600  613  616  101  87   150  105  118  70   103  89   116  80   45   39   18   34   40   56   58   54   0    61  
484  490  471  480  473  518  478  488  464  465  648  653  625  649  629  627  638  649  639  610  244  292  269  240  253  241  272  264  283  257  715  697  678  679  707  700  733  699  722  704  671  650  669  670  661  632  660  675  634  675  883  914  890  933  882  896  867  880  886  848  580  660  632  621  604  639  621  669  655  654  626  649  621  649  646  635  653  617  630  627  161  149  210  162  179  126  163  145  176  141  22   49   79   36   31   6    21   18   61   0   
0          48617
40997      41152
15314      15381
22764      23001
16427      16446
19340      19554
10332      10411
41996      42106
22180      22258
7846       7949
19189      19389
794        877
35890      36009
22968      23117
31661      31819
25747      25943
23003      23271
38400      38530
45034      45178
26524      26598
45556      45794
31052      31123
34652      34732
15889      16107
43060      43268
34513      34749
43306      43427
23886      24002
36708      36778
15887      16053
39994      40164
2974       3123
26964      27029
19787      19908
5201       5311
300        462
8991       9206
25295      25434
30121      30266
14849      15035
47563      47662
24280      24445
10925      11113
47617      47686
20733      20979
4044       4183
39035      39237
47468      47630
13583      13726
10902      11080
17791      17855
46476      46725
21714      21774
2477       2625
7374       7494
17691      17911
44474      44578
11902      12089
35530      35744
4966       5109
23510      23678
43715      43882
29373      29651
36267      36368
43787      43900
26071      26206
28189      28318
42376      42530
34151      34170
42462      42558
5908       6050
42647      42710
37225      37359
22444      22551
40697      40866
37209      37401
32889      32964
21155      21248
968        1086
44870      44948
6487       6621
13979      14182
12837      12917
27636      27780
33596      33746
8279       8355
37852      37926
28946      29110
43158      43351
33511      33714
1584       1753
15757      15842
12932      13183
32256      32443
18655      18697
41588      41696
16810      16944
28740      28890
9789       10044
41466      41725
